0.722519 -0.650267 0.234773
0.690304 -0.723175 0.022328
0.689588 -0.652313 0.314573
0.564383 -0.752511 0.339411
0.633293 -0.707798 0.312987
0.584230 -0.734999 0.344167
0.574969 -0.760443 0.301889
0.568764 -0.739393 0.360285
0.573002 -0.725802 0.380632
0.544489 -0.719503 0.431101
0.557020 -0.729888 0.396221
0.609138 -0.738348 0.289470
0.584230 -0.734999 0.344167
0.592894 -0.707648 0.384331
0.577099 -0.711756 0.400449
0.512434 -0.778141 0.363192
0.507135 -0.741197 0.439820
0.495983 -0.782127 0.377196
0.495983 -0.782127 0.377196
0.465713 -0.776188 0.425023
0.434185 -0.830614 0.348659
0.469111 -0.762306 0.445898
0.451491 -0.765572 0.458317
0.458577 -0.802509 0.381688
0.430529 -0.782780 0.449333
0.441440 -0.806108 0.394108
0.444899 -0.793080 0.416039
0.396391 -0.849409 0.348395
0.343636 -0.859091 0.379310
0.343636 -0.859091 0.379310
0.349382 -0.834634 0.425816
0.346554 -0.847131 0.402827
0.340628 -0.870494 0.355265
0.302042 -0.887247 0.348659
0.272772 -0.857282 0.436649
0.214044 -0.875636 0.432950
0.247492 -0.894777 0.371648
0.219135 -0.836696 0.501916
-0.019511 -0.897485 0.440613
-0.058975 -0.884632 0.462545
-0.038676 -0.908886 0.415246
-0.078584 -0.884073 0.460695
-0.057987 -0.908462 0.413925
-0.098150 -0.883353 0.458317
-0.096500 -0.907103 0.409697
-0.263379 -0.903013 0.339411
-0.247492 -0.894777 0.371648
-0.263379 -0.903013 0.339411
-0.260847 -0.912963 0.313780
-0.258237 -0.922273 0.287621
-0.296745 -0.942600 0.153125
-0.281383 -0.900426 0.331748
-0.263379 -0.903013 0.339411
-0.334327 -0.891539 0.305589
-0.337526 -0.881317 0.330691
-0.420643 -0.822166 0.383538
-0.413513 -0.845823 0.337033
-0.450972 -0.826781 0.336240
-0.422414 -0.863193 0.276523
-0.437870 -0.818626 0.371648
-0.483698 -0.818566 0.309816
-0.463308 -0.833955 0.299775
-0.565081 -0.783823 0.257498
-0.588916 -0.796768 0.135421
-0.588916 -0.796768 0.135421
-0.628367 -0.720774 0.292641
-0.606936 -0.767596 0.205972
-0.612562 -0.756694 0.228432
-0.575889 -0.813019 0.085744
-0.636989 -0.727987 0.253534
-0.638055 -0.694354 0.332805
-0.663083 -0.732882 0.152332
-0.675436 -0.710986 0.195667
-0.660819 -0.745540 0.086537
-0.675436 -0.710986 0.195667
-0.653629 -0.754187 0.063020
-0.698622 -0.698622 0.154446
-0.709419 -0.692116 0.133043
-0.922134 -0.336934 0.190118
-0.915770 -0.380131 0.129872
-0.910080 -0.327629 0.253798
-0.930919 -0.255546 0.260933
-0.936418 -0.300360 0.181398
-0.913430 -0.310566 0.263047
-0.913430 -0.310566 0.263047
-0.913430 -0.310566 0.263047
-0.921803 -0.307268 0.236359
-0.929475 -0.303867 0.209143
-0.939867 -0.283734 0.190118
-0.925048 -0.290211 0.245079
-0.918133 -0.353128 0.179812
-0.910804 -0.357178 0.207029
-0.941584 -0.235396 0.240851
-0.939867 -0.283734 0.190118
-0.918133 -0.353128 0.179812
-0.932745 -0.316781 0.172150
-0.939867 -0.283734 0.190118
-0.925914 -0.320509 0.199894
-0.932745 -0.316781 0.172150
-0.932745 -0.316781 0.172150
-0.921803 -0.307268 0.236359
-0.929475 -0.303867 0.209143
-0.933549 -0.237963 0.268067
-0.913430 -0.310566 0.263047
-0.929475 -0.303867 0.209143
-0.901135 -0.331029 0.279958
-0.925914 -0.320509 0.199894
-0.910297 -0.278662 0.306117
-0.925914 -0.320509 0.199894
-0.902762 -0.361105 0.233716
-0.898790 -0.377492 0.222883
-0.894037 -0.364913 0.259876
-0.886127 -0.397853 0.237680
-0.868506 -0.434253 0.239001
-0.868506 -0.434253 0.239001
-0.860508 -0.392841 0.324349
-0.808914 -0.562723 0.170300
-0.856809 -0.409778 0.312987
-0.799417 -0.568474 0.194345
-0.802956 -0.576034 0.153125
-0.783724 -0.587793 0.200687
-0.799417 -0.568474 0.194345
-0.799417 -0.568474 0.194345
-0.799417 -0.568474 0.194345
-0.793648 -0.582008 0.177170
-0.793648 -0.582008 0.177170
-0.707798 -0.633293 0.312987
-0.686056 -0.568446 0.454089
-0.627824 -0.684899 0.369798
-0.647098 -0.666131 0.370855
-0.638055 -0.694354 0.332805
-0.640236 -0.640236 0.424495
-0.616733 -0.674552 0.405734
-0.555178 -0.777249 0.296076
-0.555178 -0.777249 0.296076
-0.492274 -0.865723 0.090501
-0.427338 -0.796403 0.427930
-0.359844 -0.779661 0.512485
-0.357352 -0.794115 0.491611
-0.394376 -0.788751 0.471529
-0.314933 -0.826700 0.466244
-0.274945 -0.844475 0.459638
-0.116687 -0.894600 0.431365
-0.099703 -0.857446 0.504822
0.078584 -0.884073 0.460695
-0.059448 -0.871900 0.486062
0.193326 -0.889299 0.414454
0.194962 -0.877330 0.438499
0.201028 -0.824213 0.529396
0.238572 -0.835002 0.495838
0.277053 -0.831158 0.482098
0.277053 -0.831158 0.482098
0.364530 -0.844174 0.393051
0.354779 -0.808107 0.470207
0.370428 -0.818841 0.438499
0.430529 -0.782780 0.449333
0.448248 -0.779562 0.437442
0.465713 -0.776188 0.425023
0.492018 -0.794799 0.355265
0.448248 -0.779562 0.437442
0.503539 -0.755308 0.419474
0.588635 -0.721553 0.364513
0.507135 -0.741197 0.439820
0.517225 -0.696265 0.497688
0.604827 -0.663359 0.440613
0.620720 -0.659515 0.423966
0.531211 -0.708281 0.464923
0.537876 -0.677326 0.501916
0.564767 -0.701090 0.435328
0.628276 -0.628276 0.458845
0.636245 -0.655525 0.406791
0.568446 -0.686056 0.454089
0.663359 -0.604827 0.440613
0.523394 -0.664307 0.533624
0.708281 -0.531211 0.464923
0.741197 -0.507135 0.439820
0.699390 -0.499564 0.511164
0.714893 -0.496454 0.492403
0.747967 -0.472400 0.466244
0.751128 -0.454630 0.478663
0.845823 -0.413513 0.337033
0.793080 -0.444899 0.416039
0.788751 -0.394376 0.471529
0.806952 -0.487924 0.332805
0.822166 -0.420643 0.383538
0.828735 -0.385458 0.405734
0.841046 -0.382293 0.382745
0.828735 -0.385458 0.405734
0.815903 -0.388525 0.428194
0.809538 -0.424044 0.405998
0.809538 -0.424044 0.405998
0.809538 -0.424044 0.405998
0.809538 -0.424044 0.405998
0.826700 -0.314933 0.466244
0.831767 -0.367525 0.416039
0.815903 -0.388525 0.428194
0.809538 -0.424044 0.405998
0.809538 -0.424044 0.405998
0.818841 -0.370428 0.438499
0.806108 -0.441440 0.394108
0.802509 -0.458577 0.381688
0.811021 -0.471524 0.346281
0.812803 -0.406401 0.417360
0.806108 -0.441440 0.394108
0.747967 -0.472400 0.466244
0.794799 -0.492018 0.355265
0.751128 -0.454630 0.478663
0.747967 -0.472400 0.466244
0.751128 -0.454630 0.478663
0.702380 -0.481632 0.524112
0.699390 -0.499564 0.511164
0.741197 -0.507135 0.439820
0.526316 -0.647774 0.550799
0.670619 -0.571999 0.472321
0.686056 -0.568446 0.454089
0.644843 -0.544086 0.536795
0.510965 -0.633596 0.580922
0.544086 -0.644843 0.536795
0.544086 -0.644843 0.536795
0.544086 -0.644843 0.536795
0.544086 -0.644843 0.536795
0.526316 -0.647774 0.550799
0.620720 -0.659515 0.423966
0.505469 -0.667220 0.547100
0.558386 -0.658098 0.505087
0.468829 -0.672667 0.572467
0.499564 -0.699390 0.511164
0.463441 -0.705236 0.536531
0.407437 -0.713015 0.570617
0.439501 -0.739161 0.510371
0.410203 -0.905864 0.105562
0.399861 -0.759736 0.512749
0.364590 -0.749435 0.552649
0.362256 -0.764762 0.532831
0.340890 -0.782041 0.521733
0.304445 -0.771261 0.558991
0.304445 -0.771261 0.558991
0.222274 -0.808268 0.545250
0.238572 -0.835002 0.495838
0.141338 -0.827837 0.542872
0.199581 -0.838240 0.507465
-0.040816 -0.816313 0.576166
-0.041085 -0.801158 0.597041
-0.101163 -0.829536 0.549214
-0.279095 -0.817349 0.504030
-0.325950 -0.753759 0.570617
-0.325950 -0.753759 0.570617
-0.298268 -0.815265 0.496367
-0.265102 -0.774912 0.573788
-0.293015 -0.947990 0.124323
-0.499564 -0.699390 0.511164
-0.508268 -0.650582 0.564275
-0.489952 -0.653269 0.577223
-0.513976 -0.711659 0.478927
-0.584991 -0.605163 0.539966
-0.584991 -0.605163 0.539966
-0.571999 -0.670619 0.472321
-0.575427 -0.654797 0.490025
-0.592147 -0.651362 0.474435
-0.584991 -0.605163 0.539966
-0.605163 -0.584991 0.539966
-0.598901 -0.618864 0.508257
-0.598901 -0.618864 0.508257
-0.625121 -0.564625 0.538909
-0.661267 -0.541037 0.519620
-0.674041 -0.555092 0.487383
-0.736246 -0.457667 0.498481
-0.736246 -0.457667 0.498481
-0.703053 -0.351526 0.618179
-0.751128 -0.454630 0.478663
-0.754142 -0.436609 0.490554
-0.769232 -0.323887 0.550799
-0.728994 -0.404997 0.551856
-0.798884 -0.319554 0.509579
-0.796573 -0.338544 0.500859
-0.798884 -0.319554 0.509579
-0.798884 -0.319554 0.509579
-0.798884 -0.319554 0.509579
-0.798884 -0.319554 0.509579
-0.764762 -0.362256 0.532831
-0.803068 -0.281074 0.525433
-0.804944 -0.261607 0.532567
-0.804944 -0.261607 0.532567
-0.776537 -0.245222 0.580394
-0.790147 -0.263382 0.553442
-0.776537 -0.245222 0.580394
-0.776537 -0.245222 0.580394
-0.791825 -0.243638 0.560048
-0.746109 -0.227978 0.625578
-0.781713 -0.164571 0.601533
-0.794770 -0.203787 0.571674
-0.794770 -0.203787 0.571674
-0.774912 -0.265102 0.573788
-0.780616 -0.184883 0.597041
-0.771261 -0.304445 0.558991
-0.655919 -0.296221 0.694279
-0.776537 -0.245222 0.580394
-0.753759 -0.325950 0.570617
-0.703053 -0.351526 0.618179
-0.696652 -0.409795 0.588849
-0.694273 -0.428816 0.578016
-0.704945 -0.331739 0.626899
-0.696652 -0.409795 0.588849
-0.703053 -0.351526 0.618179
-0.613218 -0.380618 0.692165
-0.658284 -0.452571 0.601533
-0.670006 -0.487277 0.560048
-0.618769 -0.495015 0.609988
-0.590784 -0.570412 0.570617
-0.598634 -0.516064 0.612630
-0.575761 -0.555198 0.600211
-0.590784 -0.570412 0.570617
-0.529134 -0.630890 0.567446
-0.534459 -0.596127 0.599154
-0.457177 -0.623423 0.634298
-0.489952 -0.653269 0.577223
-0.447615 -0.691769 0.566653
-0.373176 -0.684155 0.626635
-0.377035 -0.649339 0.660457
-0.414269 -0.662830 0.623728
-0.369030 -0.717559 0.590699
-0.311787 -0.706717 0.635091
-0.269931 -0.726738 0.631655
-0.327945 -0.737877 0.589906
-0.293250 -0.691231 0.660457
-0.272888 -0.692715 0.667591
-0.251057 -0.711327 0.656494
-0.104432 -0.751908 0.650945
-0.082611 -0.784802 0.614216
-0.020413 -0.816518 0.576959
0.063767 -0.701441 0.709869
0.084977 -0.701061 0.708020
0.063094 -0.736093 0.673933
0.190235 -0.697528 0.690844
0.083605 -0.752449 0.653323
0.127268 -0.699976 0.702735
0.145923 -0.750462 0.644603
0.168436 -0.715852 0.677632
0.227978 -0.746109 0.625578
0.231781 -0.695344 0.680275
0.252395 -0.694086 0.674197
0.311787 -0.706717 0.635091
0.315095 -0.672202 0.669970
0.335276 -0.670552 0.661778
0.378861 -0.631435 0.676576
0.083116 -0.768826 0.634034
0.378861 -0.631435 0.676576
0.400601 -0.611444 0.682389
0.375141 -0.666917 0.643810
0.383932 -0.575898 0.721760
0.400601 -0.611444 0.682389
0.424096 -0.572530 0.701678
0.527149 -0.506063 0.682653
0.499705 -0.582989 0.640639
0.478498 -0.603324 0.637997
0.467230 -0.530943 0.706963
0.564652 -0.501913 0.655172
0.541696 -0.541696 0.642753
0.450765 -0.493695 0.743691
0.488619 -0.509863 0.708020
0.449157 -0.513322 0.731272
0.465382 -0.549997 0.693487
0.432088 -0.475297 0.766416
0.467230 -0.530943 0.706963
0.452299 -0.473837 0.755582
0.605509 -0.459352 0.649888
0.572530 -0.424096 0.701678
0.605509 -0.459352 0.649888
0.633174 -0.358799 0.685824
0.627642 -0.418428 0.656494
0.637772 -0.297627 0.710398
0.627642 -0.418428 0.656494
0.686097 -0.353444 0.635883
0.672202 -0.315095 0.669970
0.654434 -0.316661 0.686616
0.634809 -0.338565 0.694544
0.634809 -0.338565 0.694544
0.651144 -0.357079 0.669705
0.666917 -0.375141 0.643810
0.654434 -0.316661 0.686616
0.641456 -0.235201 0.730215
0.642484 -0.214161 0.735764
0.651144 -0.357079 0.669705
0.672202 -0.315095 0.669970
0.651144 -0.357079 0.669705
0.713819 -0.209947 0.668120
0.633174 -0.358799 0.685824
0.633174 -0.358799 0.685824
0.651144 -0.357079 0.669705
0.684155 -0.373176 0.626635
0.640329 -0.256132 0.724138
0.636342 -0.318171 0.702735
0.636342 -0.318171 0.702735
0.634809 -0.338565 0.694544
0.633174 -0.358799 0.685824
0.589293 -0.441970 0.676311
0.412993 -0.456466 0.788083
0.430631 -0.495226 0.754525
0.433475 -0.455149 0.777778
0.433475 -0.455149 0.777778
0.473837 -0.452299 0.755582
0.551839 -0.445716 0.704849
0.509863 -0.488619 0.708020
0.433475 -0.455149 0.777778
0.493695 -0.450765 0.743691
0.475297 -0.432088 0.766416
0.411679 -0.476681 0.776721
0.411679 -0.476681 0.776721
0.453760 -0.453760 0.766944
0.386984 -0.537478 0.749240
0.410299 -0.496678 0.764830
0.388414 -0.517885 0.762188
0.382308 -0.594702 0.707227
0.383932 -0.575898 0.721760
0.341613 -0.597823 0.725195
0.385490 -0.556820 0.735764
0.388414 -0.517885 0.762188
0.380618 -0.613218 0.692165
0.300282 -0.600564 0.741049
0.300282 -0.600564 0.741049
0.303883 -0.542649 0.783062
0.297627 -0.637772 0.710398
0.215121 -0.623851 0.751354
0.042307 -0.719226 0.693487
0.042528 -0.701712 0.711190
0.216931 -0.585713 0.780949
0.149799 -0.663395 0.733122
0.106681 -0.682756 0.722817
0.129121 -0.645606 0.752675
0.021478 -0.665818 0.745805
0.042741 -0.683854 0.728366
0.085814 -0.665061 0.741842
0.087311 -0.589352 0.803144
-0.318171 -0.636342 0.702735
-0.347012 -0.520518 0.780156
-0.300282 -0.600564 0.741049
-0.338565 -0.634809 0.694544
-0.365043 -0.558301 0.745013
-0.386984 -0.537478 0.749240
-0.425838 -0.553589 0.715682
-0.386984 -0.537478 0.749240
-0.468998 -0.511635 0.719910
-0.372593 -0.438345 0.817942
-0.389780 -0.498052 0.774607
-0.468998 -0.511635 0.719910
-0.473837 -0.452299 0.755582
-0.453760 -0.453760 0.766944
-0.470689 -0.492083 0.732329
-0.534384 -0.427507 0.729158
-0.530943 -0.467230 0.706963
-0.537478 -0.386984 0.749240
-0.535974 -0.407340 0.739464
-0.537478 -0.386984 0.749240
-0.596311 -0.362046 0.716475
-0.616465 -0.340119 0.710133
-0.614892 -0.360454 0.701414
-0.639101 -0.276944 0.717532
-0.636342 -0.318171 0.702735
-0.637772 -0.297627 0.710398
-0.676496 -0.253686 0.691373
-0.677711 -0.232963 0.697450
-0.676496 -0.253686 0.691373
-0.695344 -0.231781 0.680275
-0.677711 -0.232963 0.697450
-0.689635 -0.313470 0.652794
-0.644242 -0.171798 0.745277
-0.643413 -0.193024 0.740785
-0.644242 -0.171798 0.745277
-0.625543 -0.172564 0.760867
-0.646141 -0.107690 0.755582
-0.645606 -0.129121 0.752675
-0.645606 -0.129121 0.752675
-0.627371 -0.108167 0.771172
-0.646141 -0.107690 0.755582
-0.682179 -0.127909 0.719910
-0.646141 -0.107690 0.755582
-0.626856 -0.129694 0.768265
-0.626246 -0.151163 0.764830
-0.644242 -0.171798 0.745277
-0.628119 -0.064978 0.775400
-0.646579 -0.086211 0.757960
-0.643413 -0.193024 0.740785
-0.607812 -0.130245 0.783327
-0.646579 -0.086211 0.757960
-0.624744 -0.193886 0.756375
-0.623851 -0.215121 0.751354
-0.585713 -0.216931 0.780949
-0.563351 -0.281675 0.776721
-0.564397 -0.260491 0.783327
-0.583799 -0.259466 0.769322
-0.566234 -0.217782 0.794953
-0.564397 -0.260491 0.783327
-0.481478 -0.328280 0.812657
-0.520518 -0.347012 0.780156
-0.520518 -0.347012 0.780156
-0.461998 -0.307999 0.831682
-0.480389 -0.349374 0.804466
-0.479227 -0.370311 0.795746
-0.455149 -0.433475 0.777778
-0.455149 -0.433475 0.777778
-0.511635 -0.468998 0.719910
-0.389780 -0.498052 0.774607
-0.371481 -0.458888 0.807108
-0.395684 -0.395684 0.828775
-0.310587 -0.399326 0.862597
-0.304985 -0.522831 0.796010
-0.344427 -0.559694 0.753732
-0.306037 -0.502776 0.808429
-0.304985 -0.522831 0.796010
-0.220126 -0.506290 0.833796
-0.197713 -0.527235 0.826397
-0.175961 -0.527883 0.830889
-0.131771 -0.549045 0.825340
-0.087650 -0.569724 0.817149
0.437228 -0.393505 0.808693
-0.088285 -0.529709 0.843572
-0.087974 -0.549839 0.830625
-0.066247 -0.529974 0.845422
0.397623 -0.353443 0.846743
0.000000 -0.550473 0.834853
0.044025 -0.550315 0.833796
0.066014 -0.550117 0.832475
0.044025 -0.550315 0.833796
0.065253 -0.609027 0.790461
0.086959 -0.608712 0.788611
0.131771 -0.549045 0.825340
0.130245 -0.607812 0.783327
0.132237 -0.528949 0.838288
0.218598 -0.546495 0.808429
0.219379 -0.526510 0.821377
0.195513 -0.586538 0.785969
0.261473 -0.544736 0.796803
0.021375 -0.684011 0.729158
0.263312 -0.504682 0.822169
0.304985 -0.522831 0.796010
0.304985 -0.522831 0.796010
0.328280 -0.481478 0.812657
0.323654 -0.561000 0.761924
0.307042 -0.482494 0.820320
0.329308 -0.461031 0.824019
0.042307 -0.719226 0.693487
0.389780 -0.498052 0.774607
0.307999 -0.461998 0.831682
0.414243 -0.436045 0.798917
0.348221 -0.500567 0.792575
0.414243 -0.436045 0.798917
0.434794 -0.434794 0.788611
0.433475 -0.455149 0.777778
0.397623 -0.353443 0.846743
0.397623 -0.353443 0.846743
0.417606 -0.373647 0.828247
0.455149 -0.433475 0.777778
0.394625 -0.416548 0.818999
0.397623 -0.353443 0.846743
0.394625 -0.416548 0.818999
0.394625 -0.416548 0.818999
0.461998 -0.307999 0.831682
0.480389 -0.349374 0.804466
0.137906 0.982578 0.124587
0.485114 -0.242557 0.840137
0.485845 -0.220838 0.845686
0.481478 -0.328280 0.812657
0.544736 -0.261473 0.796803
0.485114 -0.242557 0.840137
0.502776 -0.306037 0.808429
0.529709 -0.088285 0.843572
0.506290 -0.220126 0.833796
0.506982 -0.198384 0.838816
0.506982 -0.198384 0.838816
0.506982 -0.198384 0.838816
0.506982 -0.198384 0.838816
0.546495 -0.218598 0.808429
0.506982 -0.198384 0.838816
0.506982 -0.198384 0.838816
0.546495 -0.218598 0.808429
0.507601 -0.176557 0.843308
0.527235 -0.197713 0.826397
0.569351 -0.109491 0.814771
0.569724 -0.087650 0.817149
0.569724 -0.087650 0.817149
0.569724 -0.087650 0.817149
0.569724 -0.087650 0.817149
0.569724 -0.087650 0.817149
0.569724 -0.087650 0.817149
0.590043 0.000000 0.807372
0.589654 -0.065517 0.804994
0.588963 -0.109067 0.800766
0.546495 -0.218598 0.808429
0.570345 -0.021936 0.821112
0.548528 -0.153588 0.821905
0.528454 -0.154133 0.834853
0.526510 -0.219379 0.821377
0.506982 -0.198384 0.838816
0.506982 -0.198384 0.838816
0.526510 -0.219379 0.821377
0.547931 -0.175338 0.817942
0.526510 -0.219379 0.821377
0.524827 -0.262414 0.809750
0.504682 -0.263312 0.822169
0.484312 -0.264170 0.834060
0.485114 -0.242557 0.840137
0.462897 -0.286555 0.838816
0.379462 -0.267855 0.885586
0.356665 -0.312081 0.880565
0.314528 -0.269595 0.910160
0.442151 -0.287398 0.849650
0.380073 -0.245929 0.891663
0.336317 -0.269054 0.902497
0.416548 -0.394625 0.818999
0.416548 -0.394625 0.818999
0.399326 -0.310587 0.862597
0.397623 -0.353443 0.846743
0.398504 -0.332087 0.854935
0.245929 -0.380073 0.891663
0.225345 -0.315483 0.921786
0.223900 -0.380630 0.897212
0.223353 -0.402036 0.887964
0.223353 -0.402036 0.887964
0.225345 -0.315483 0.921786
0.247522 -0.315027 0.916237
0.202671 -0.337785 0.919144
0.201285 -0.402570 0.892985
0.201285 -0.402570 0.892985
0.201285 -0.402570 0.892985
-0.067431 -0.404588 0.912010
0.201285 -0.402570 0.892985
0.134611 -0.403833 0.904875
0.134611 -0.403833 0.904875
0.045276 -0.339571 0.939490
-0.044970 -0.404728 0.913331
-0.045078 -0.383166 0.922579
0.022595 -0.361518 0.932091
0.045276 -0.339571 0.939490
-0.022544 -0.383245 0.923372
-0.022371 -0.447425 0.894041
-0.067594 -0.383034 0.921258
-0.089865 -0.404393 0.910160
-0.089865 -0.404393 0.910160
-0.113028 -0.339085 0.933941
-0.135244 -0.360651 0.922843
-0.112533 -0.382612 0.917030
-0.134611 -0.403833 0.904875
-0.203075 -0.315895 0.926807
-0.158585 -0.294515 0.942397
-0.179978 -0.359957 0.915445
-0.181055 -0.294215 0.938433
-0.223353 -0.402036 0.887964
-0.224414 -0.359062 0.905932
-0.270098 -0.292606 0.917294
-0.291556 -0.313983 0.903554
-0.313983 -0.291556 0.903554
-0.290968 -0.335733 0.895891
-0.310587 -0.399326 0.862597
-0.310587 -0.399326 0.862597
-0.354327 -0.376472 0.855992
-0.310587 -0.399326 0.862597
-0.313983 -0.291556 0.903554
-0.313394 -0.313394 0.896420
-0.293070 -0.247982 0.923372
-0.378796 -0.289668 0.878980
-0.378796 -0.289668 0.878980
-0.401445 -0.245327 0.882415
-0.400796 -0.267198 0.876338
-0.380073 -0.245929 0.891663
-0.423271 -0.222774 0.878187
-0.400090 -0.288954 0.869732
-0.359062 -0.224414 0.905932
-0.487615 -0.155150 0.859162
-0.381979 -0.157286 0.910688
-0.466376 -0.177667 0.866561
-0.466871 -0.155624 0.870525
-0.485845 -0.220838 0.845686
-0.485845 -0.220838 0.845686
-0.488065 -0.133109 0.862597
-0.485845 -0.220838 0.845686
-0.466871 -0.155624 0.870525
-0.488446 -0.111010 0.865504
-0.488999 -0.066682 0.869732
-0.528949 -0.132237 0.838288
-0.466871 -0.155624 0.870525
-0.488446 -0.111010 0.865504
-0.529367 -0.110285 0.841194
-0.529974 -0.066247 0.845422
-0.488446 -0.111010 0.865504
-0.488446 -0.111010 0.865504
-0.488446 -0.111010 0.865504
-0.467958 -0.089135 0.879244
-0.509018 -0.110656 0.853613
-0.509344 -0.088582 0.855992
-0.509344 -0.088582 0.855992
-0.550315 -0.044025 0.833796
-0.509598 -0.066469 0.857841
-0.529367 -0.110285 0.841194
-0.467958 -0.089135 0.879244
-0.549482 -0.109896 0.828247
-0.509344 -0.088582 0.855992
-0.549839 -0.087974 0.830625
-0.549482 -0.109896 0.828247
-0.467662 -0.111348 0.876866
-0.509018 -0.110656 0.853613
-0.488065 -0.133109 0.862597
-0.488757 -0.088865 0.867882
-0.509598 -0.066469 0.857841
-0.488065 -0.133109 0.862597
-0.403048 -0.179132 0.897477
-0.465186 -0.221517 0.857048
-0.466871 -0.155624 0.870525
-0.488065 -0.133109 0.862597
-0.403048 -0.179132 0.897477
-0.403048 -0.179132 0.897477
-0.402036 -0.223353 0.887964
-0.317300 -0.090657 0.943982
-0.382322 -0.134937 0.914123
-0.403048 -0.179132 0.897477
-0.315483 -0.225345 0.921786
-0.360329 -0.157644 0.919408
-0.293492 -0.225763 0.928921
-0.294215 -0.181055 0.938433
-0.316587 -0.158294 0.935262
-0.316587 -0.158294 0.935262
-0.225763 -0.293492 0.928921
-0.226149 -0.271379 0.935526
-0.225763 -0.293492 0.928921
-0.225763 -0.293492 0.928921
-0.225345 -0.315483 0.921786
-0.203451 -0.293874 0.933941
-0.159102 -0.250018 0.955080
0.068467 -0.228224 0.971198
0.158855 -0.272322 0.949003
0.091363 -0.205567 0.974369
0.204408 -0.227120 0.952173
0.203451 -0.293874 0.933941
0.136493 -0.250237 0.958515
0.136493 -0.250237 0.958515
0.136050 -0.294776 0.945832
0.159328 -0.227611 0.960629
0.204117 -0.249476 0.946624
0.158585 -0.294515 0.942397
0.181647 -0.249764 0.951116
0.204408 -0.227120 0.952173
0.137374 -0.114478 0.983882
0.182138 -0.204905 0.961686
0.158855 -0.272322 0.949003
0.227611 -0.159328 0.960629
0.226828 -0.226828 0.947153
0.159714 -0.182530 0.970141
0.204408 -0.227120 0.952173
0.250423 -0.113829 0.961422
0.227611 -0.159328 0.960629
0.227611 -0.159328 0.960629
0.227611 -0.159328 0.960629
0.228117 -0.091247 0.969349
0.272931 -0.090977 0.957722
0.317106 -0.113252 0.941604
0.272931 -0.090977 0.957722
0.228117 -0.091247 0.969349
0.228117 -0.091247 0.969349
0.227979 -0.113989 0.966971
0.227979 -0.113989 0.966971
0.250237 -0.136493 0.958515
0.227979 -0.113989 0.966971
0.227979 -0.113989 0.966971
0.227979 -0.113989 0.966971
0.317300 -0.090657 0.943982
0.228117 -0.091247 0.969349
0.227979 -0.113989 0.966971
0.317623 -0.022687 0.947946
0.227979 -0.113989 0.966971
0.317106 -0.113252 0.941604
0.339085 -0.113028 0.933941
0.250423 -0.113829 0.961422
0.227979 -0.113989 0.966971
0.228300 -0.045660 0.972519
0.227810 -0.136686 0.964064
0.227979 -0.113989 0.966971
0.183080 -0.045770 0.982032
0.228224 -0.068467 0.971198
0.205663 -0.068554 0.976219
0.250827 -0.022802 0.967763
0.228224 -0.068467 0.971198
0.160227 -0.091558 0.982825
-0.228117 -0.091247 0.969349
-0.228224 -0.068467 0.971198
-0.228224 -0.068467 0.971198
-0.228346 0.022835 0.973312
-0.228361 0.000000 0.973576
-0.273060 -0.068265 0.959572
-0.228117 -0.091247 0.969349
-0.317451 -0.068025 0.945832
-0.317451 -0.068025 0.945832
-0.317300 -0.090657 0.943982
-0.317300 -0.090657 0.943982
-0.294996 -0.113460 0.948738
-0.317623 -0.022687 0.947946
-0.316868 -0.135801 0.938697
-0.316587 -0.158294 0.935262
-0.317645 0.000000 0.948210
-0.316868 -0.135801 0.938697
-0.317559 -0.045366 0.947153
-0.317559 -0.045366 0.947153
-0.317300 -0.090657 0.943982
-0.295416 -0.045449 0.954287
-0.383166 -0.045078 0.922579
-0.383166 -0.045078 0.922579
-0.339571 -0.045276 0.939490
-0.361147 -0.090287 0.928128
-0.317106 -0.113252 0.941604
0.160302 0.068701 0.984674
-0.403048 -0.179132 0.897477
-0.382612 -0.112533 0.917030
-0.316868 -0.135801 0.938697
-0.273152 -0.045525 0.960893
-0.360651 -0.135244 0.922843
-0.316587 -0.158294 0.935262
-0.403468 -0.156904 0.901440
-0.381979 -0.157286 0.910688
-0.316868 -0.135801 0.938697
-0.339455 -0.067891 0.938169
-0.315895 -0.203075 0.926807
-0.361320 -0.067747 0.929978
-0.315895 -0.203075 0.926807
-0.294776 -0.136050 0.945832
-0.316587 -0.158294 0.935262
-0.317300 -0.090657 0.943982
-0.227120 -0.204408 0.952173
-0.227381 -0.181905 0.956665
-0.182346 -0.182346 0.966178
-0.182346 -0.182346 0.966178
-0.204905 -0.182138 0.961686
-0.204905 -0.182138 0.961686
0.182346 -0.182346 0.966178
0.136861 -0.205291 0.969084
0.137154 -0.160013 0.977540
0.227120 -0.204408 0.952173
0.226828 -0.226828 0.947153
0.227611 -0.159328 0.960629
0.294215 -0.181055 0.938433
0.270990 -0.248407 0.929978
0.270990 -0.248407 0.929978
0.294515 -0.158585 0.942397
0.250018 -0.159102 0.955080
0.403048 -0.179132 0.897477
0.271379 -0.226149 0.935526
0.314528 -0.269595 0.910160
0.271379 -0.226149 0.935526
0.425498 -0.111973 0.898005
0.293874 -0.203451 0.933941
0.425765 -0.089635 0.900383
0.446676 -0.111669 0.887700
0.488446 -0.111010 0.865504
0.506982 -0.198384 0.838816
0.489172 -0.044470 0.871053
0.549482 -0.109896 0.828247
0.509924 0.000000 0.860219
0.527235 -0.197713 0.826397
0.570014 -0.065771 0.818999
0.589352 -0.087311 0.803144
0.627371 -0.108167 0.771172
0.609251 -0.043518 0.791782
0.665414 -0.064395 0.743691
0.665868 0.000000 0.746069
0.700573 -0.106147 0.705641
0.719451 0.000000 0.694544
0.719451 0.000000 0.694544
0.735686 -0.084078 0.672083
0.784224 -0.103187 0.611838
0.814875 -0.101859 0.570617
0.815971 -0.061198 0.574845
0.842929 -0.120418 0.524376
0.842929 -0.120418 0.524376
0.858123 -0.079825 0.507200
0.896250 -0.077935 0.436649
0.900704 -0.191639 0.389880
0.894777 -0.247492 0.371648
0.931314 -0.186263 0.312987
0.921735 -0.188109 0.339147
0.931314 -0.186263 0.312987
0.919525 -0.275858 0.279958
0.910080 -0.327629 0.253798
0.901135 -0.331029 0.279958
0.910080 -0.327629 0.253798
0.906525 -0.344479 0.244022
0.906707 -0.373350 0.196195
0.906525 -0.344479 0.244022
0.894605 -0.393626 0.211521
0.890204 -0.409494 0.199630
0.894605 -0.393626 0.211521
0.894605 -0.393626 0.211521
0.902390 -0.389266 0.184833
0.885584 -0.425080 0.187211
0.890204 -0.409494 0.199630
0.894605 -0.393626 0.211521
0.876985 -0.401951 0.263311
0.890204 -0.409494 0.199630
0.915770 -0.380131 0.129872
0.890204 -0.409494 0.199630
0.844565 -0.459003 0.275730
0.870494 -0.340628 0.355265
0.856809 -0.409778 0.312987
0.873459 -0.322800 0.364513
0.844565 -0.459003 0.275730
0.848840 -0.442873 0.288678
-0.106447 0.975767 0.191175
-0.178295 0.962796 0.203065
-0.180378 0.956005 0.231338
-0.162671 0.957952 0.236359
-0.215430 0.951481 0.219712
-0.450085 0.882859 0.134100
-0.445249 0.872688 0.200423
-0.444652 0.889304 0.106883
-0.435338 0.888089 0.147576
-0.455350 0.875673 0.160787
-0.435338 0.888089 0.147576
-0.445249 0.872688 0.200423
-0.445249 0.872688 0.200423
-0.509679 0.843607 0.168979
-0.440371 0.880742 0.174263
-0.511833 0.853056 0.101599
-0.511833 0.853056 0.101599
-0.517875 0.845863 0.127758
-0.511833 0.853056 0.101599
-0.517875 0.845863 0.127758
-0.530454 0.804827 0.266217
-0.530454 0.804827 0.266217
-0.563489 0.819621 0.103448
-0.575889 0.813019 0.085744
-0.563489 0.819621 0.103448
-0.632705 0.755731 0.168979
-0.669364 0.722208 0.174263
-0.649876 0.752488 0.106883
-0.685385 0.719654 0.111111
-0.674498 0.726383 0.131986
-0.719654 0.685385 0.111111
-0.712689 0.695720 0.089708
-0.709419 0.692116 0.133043
-0.698622 0.698622 0.154446
-0.719654 0.685385 0.111111
-0.754187 0.653629 0.063020
-0.762177 0.646194 0.038975
-0.783681 0.613316 0.098428
-0.754187 0.653629 0.063020
-0.765665 0.626453 0.145990
-0.814646 0.549001 0.186947
-0.802956 0.576034 0.153125
-0.802956 0.576034 0.153125
-0.793648 0.582008 0.177170
-0.819621 0.563489 0.103448
-0.839796 0.531300 0.111640
-0.837963 0.523727 0.153389
-0.853056 0.511833 0.101599
-0.867776 0.460452 0.186947
-0.846792 0.525011 0.085480
-0.885584 0.425080 0.187211
-0.904773 0.400188 0.145726
-0.888089 0.435338 0.147576
-0.893819 0.446910 0.036861
-0.899835 0.433254 0.050865
-0.911078 0.404924 0.077289
-0.911078 0.404924 0.077289
-0.911078 0.404924 0.077289
-0.916315 0.390282 0.089708
-0.938813 0.312938 0.143876
-0.938813 0.312938 0.143876
-0.911078 0.404924 0.077289
-0.934792 0.328908 0.134100
-0.947674 0.315891 0.046109
-0.952591 0.246968 0.177699
-0.948901 0.232749 0.213106
-0.963082 0.265678 0.043467
-0.973300 0.204905 0.103448
-0.956339 0.273240 0.103713
-0.973300 0.204905 0.103448
-0.960159 0.269518 0.073854
-0.985805 0.103769 0.131986
-0.984190 0.152719 0.089708
-0.989545 0.102367 0.101599
-0.994271 0.099427 0.039239
-0.996796 0.066453 0.044524
-0.990787 0.117551 0.067248
-0.991915 0.068408 0.106883
-0.996796 0.066453 0.044524
-0.992744 0.051349 0.108733
-0.993335 0.034253 0.110054
-0.998685 0.016645 0.048487
-0.998685 0.016645 0.048487
-0.993335 -0.034253 0.110054
-0.998308 -0.033277 0.047695
-0.996291 -0.033773 0.079139
-0.993335 0.034253 0.110054
-0.999339 0.032765 0.015722
-0.999339 0.032765 0.015722
-0.998811 0.000000 0.048751
-0.999339 0.032765 0.015722
-0.998689 0.049116 0.014401
-0.993473 0.114005 0.003831
-0.993473 0.114005 0.003831
-0.988946 0.134094 0.063284
-0.994271 0.099427 0.039239
-0.996779 0.000000 0.080196
-0.996779 0.000000 0.080196
-0.996779 0.000000 0.080196
-0.975976 0.188346 0.109526
-0.973300 0.204905 0.103448
-0.961265 0.227208 0.156031
-0.956339 0.273240 0.103713
-0.959881 0.257111 0.111904
-0.939936 0.324705 0.105298
-0.935544 0.340198 0.094993
-0.930535 0.344643 0.123794
-0.913908 0.369078 0.168979
-0.911078 0.404924 0.077289
-0.921300 0.375345 0.101599
-0.916315 0.390282 0.089708
-0.921300 0.375345 0.101599
-0.899856 0.415318 0.133307
-0.889147 0.452962 0.065134
-0.871681 0.478570 0.105562
-0.889304 0.444652 0.106883
-0.853056 0.511833 0.101599
-0.840274 0.537775 0.068833
-0.864842 0.484312 0.132250
-0.817775 0.556783 0.145726
-0.840274 0.537775 0.068833
-0.840274 0.537775 0.068833
-0.833484 0.544316 0.094993
-0.833484 0.544316 0.094993
-0.813019 0.575889 0.085744
-0.781440 0.607787 0.141234
-0.796768 0.588916 0.135421
-0.751058 0.625882 0.210199
-0.752488 0.649876 0.106883
-0.790345 0.601350 0.117189
-0.732882 0.663083 0.152332
-0.712689 0.695720 0.089708
-0.715924 0.681001 0.153917
-0.726383 0.674498 0.131986
-0.712689 0.695720 0.089708
-0.695720 0.712689 0.089708
-0.709419 0.692116 0.133043
-0.705481 0.705481 0.067776
-0.681058 0.730891 0.044259
-0.678422 0.729304 0.088651
-0.678422 0.729304 0.088651
-0.638413 0.759194 0.126701
-0.667773 0.736263 0.109526
-0.656590 0.742983 0.129872
-0.620674 0.784009 0.009645
-0.610243 0.791666 0.029462
-0.569863 0.811623 0.128551
-0.575889 0.813019 0.085744
-0.606416 0.791710 0.073854
-0.556906 0.826922 0.077817
-0.531300 0.839796 0.111640
-0.582508 0.805231 0.110847
-0.537775 0.840274 0.068833
-0.529395 0.829386 0.178491
-0.499154 0.865200 0.047695
-0.492500 0.870084 0.019950
-0.505596 0.859512 0.074911
-0.563489 0.819621 0.103448
-0.466523 0.883061 0.050601
-0.517875 0.845863 0.127758
-0.484312 0.864842 0.132250
-0.455350 0.875673 0.160787
-0.498261 0.859071 0.117189
-0.400188 0.904773 0.145726
-0.384770 0.909456 0.157617
-0.364672 0.920363 0.141234
-0.445249 0.872688 0.200423
-0.348951 0.924721 0.152068
-0.445249 0.872688 0.200423
-0.304882 0.948522 0.085744
-0.308973 0.944083 0.115075
-0.281101 0.959049 0.034747
-0.289168 0.952554 0.094993
-0.234227 0.970370 0.059321
-0.204905 0.973300 0.103448
-0.221315 0.970382 0.096842
-0.081689 0.996606 0.010173
-0.150537 0.986855 0.058792
-0.136030 0.986216 0.094200
-0.107727 0.969539 0.219976
-0.134094 0.988946 0.063284
-0.087717 0.982427 0.164751
-0.105129 0.981200 0.161844
-0.034253 0.993335 0.110054
-0.103769 0.985805 0.131986
-0.102367 0.989545 0.101599
-0.103769 0.985805 0.131986
-0.034719 0.989480 0.140441
-0.034253 0.993335 0.110054
0.034253 0.993335 0.110054
0.068408 0.991915 0.106883
0.105129 0.981200 0.161844
0.188346 0.975976 0.109526
0.136030 0.986216 0.094200
0.152719 0.984190 0.089708
0.156884 0.976167 0.149954
0.171652 0.978414 0.115075
0.185749 0.979405 0.079139
0.243929 0.958294 0.148897
0.283734 0.939867 0.190118
0.253635 0.963814 0.082045
0.280343 0.946158 0.161844
0.269986 0.935953 0.226054
0.312938 0.938813 0.143876
0.360126 0.926039 0.112961
0.328908 0.934792 0.134100
0.336934 0.922134 0.190118
0.320509 0.925914 0.199894
0.393626 0.894605 0.211521
0.384770 0.909456 0.157617
0.389266 0.902390 0.184833
0.390282 0.916315 0.089708
0.410203 0.905864 0.105562
0.470002 0.870375 0.146783
0.478570 0.871681 0.105562
0.511833 0.853056 0.101599
0.543288 0.823695 0.162373
0.517875 0.845863 0.127758
0.589710 0.755566 0.285242
0.584657 0.767362 0.263311
0.576034 0.802956 0.153125
0.607787 0.781440 0.141234
0.699236 0.681307 0.216541
0.687288 0.704910 0.175320
0.693364 0.693364 0.196195
0.751058 0.625882 0.210199
0.761772 0.620047 0.187739
0.745214 0.638755 0.191439
0.749470 0.644893 0.149690
0.778617 0.579436 0.240851
0.767596 0.606936 0.205972
0.789310 0.574044 0.217862
0.789310 0.574044 0.217862
0.804969 0.554534 0.210992
0.830541 0.505547 0.233716
0.830541 0.505547 0.233716
0.835419 0.490355 0.248249
0.871019 0.389179 0.299775
0.916578 0.293305 0.271766
0.919525 0.275858 0.279958
0.913430 0.310566 0.263047
0.890204 0.409494 0.199630
0.913430 0.310566 0.263047
0.903013 0.263379 0.339411
0.876245 0.304781 0.373233
0.881289 0.268218 0.389087
0.881289 0.268218 0.389087
0.929344 0.204456 0.307438
0.892447 0.265835 0.364513
0.907633 0.226908 0.353151
0.934681 0.149549 0.322500
0.927536 0.113576 0.356058
0.946397 0.111341 0.303210
0.945149 0.129726 0.299775
0.948314 0.074378 0.308495
0.939153 0.075132 0.335183
0.948314 0.074378 0.308495
0.936081 0.131051 0.326463
0.939803 0.056388 0.337033
0.938316 0.093832 0.332805
0.936081 0.131051 0.326463
0.936081 0.131051 0.326463
0.936081 0.131051 0.326463
0.936081 0.131051 0.326463
0.936081 0.131051 0.326463
0.933093 0.167957 0.318008
0.936081 0.131051 0.326463
0.922273 0.258237 0.287621
0.946397 0.111341 0.303210
0.934681 0.149549 0.322500
0.933093 0.167957 0.318008
0.927181 0.222523 0.301361
0.929344 0.204456 0.307438
0.913430 0.310566 0.263047
0.907438 0.296306 0.297926
0.914683 0.340764 0.217334
0.894605 0.393626 0.211521
0.906525 0.344479 0.244022
0.902762 0.361105 0.233716
0.874642 0.372188 0.310609
0.864020 0.375661 0.335183
0.820159 0.534886 0.203065
0.822766 0.467481 0.323292
0.802701 0.504021 0.318800
0.762128 0.598815 0.246136
0.767362 0.584657 0.263311
0.786386 0.524257 0.326727
0.786386 0.524257 0.326727
0.820366 0.510450 0.257762
0.716853 0.663089 0.215484
0.627824 0.684899 0.369798
0.627824 0.684899 0.369798
0.608329 0.703381 0.367684
0.632109 0.670418 0.388559
0.565081 0.783823 0.257498
0.574969 0.760443 0.301889
0.559856 0.765136 0.318008
0.564383 0.752511 0.339411
0.487924 0.806952 0.332805
0.293305 0.916578 0.271766
0.296306 0.907438 0.297926
0.372188 0.874642 0.310609
0.361440 0.856041 0.369534
0.358253 0.867348 0.345488
0.331029 0.901135 0.279958
0.289066 0.867199 0.405470
0.263379 0.903013 0.339411
0.210382 0.898904 0.384331
0.186263 0.931314 0.312987
0.196549 0.864818 0.462016
0.113576 0.927536 0.356058
0.037976 0.930424 0.364513
0.038676 0.908886 0.415246
-0.037234 0.949462 0.311666
-0.113576 0.927536 0.356058
-0.074378 0.948314 0.308495
-0.112475 0.937292 0.329898
-0.206491 0.919823 0.333598
-0.235396 0.941584 0.240851
-0.409778 0.856809 0.312987
-0.375661 0.864020 0.335183
-0.445249 0.872688 0.200423
-0.445249 0.872688 0.200423
-0.426460 0.852920 0.301097
-0.454560 0.854573 0.251156
-0.459003 0.844565 0.275730
-0.445249 0.872688 0.200423
-0.534886 0.820159 0.203065
-0.484312 0.864842 0.132250
-0.517875 0.845863 0.127758
-0.556783 0.817775 0.145726
-0.540205 0.810308 0.227111
-0.523727 0.837963 0.153389
-0.531300 0.839796 0.111640
-0.574044 0.789310 0.217862
-0.576034 0.802956 0.153125
-0.576034 0.802956 0.153125
-0.563489 0.819621 0.103448
-0.563489 0.819621 0.103448
-0.668759 0.704908 0.236359
-0.655741 0.710386 0.255648
-0.642271 0.715673 0.274409
-0.686980 0.686980 0.236887
-0.727987 0.636989 0.253534
-0.727987 0.636989 0.253534
-0.727987 0.636989 0.253534
-0.739789 0.631527 0.232131
-0.755566 0.589710 0.285242
-0.738348 0.609138 0.289470
-0.765136 0.559856 0.318008
-0.773982 0.528573 0.348659
-0.727987 0.636989 0.253534
-0.786386 0.524257 0.326727
-0.802701 0.504021 0.318800
-0.829620 0.479336 0.286299
-0.809600 0.515200 0.281279
-0.852920 0.426460 0.301097
-0.856809 0.409778 0.312987
-0.826781 0.450972 0.336240
-0.864020 0.375661 0.335183
-0.878074 0.354966 0.320914
-0.873459 0.322800 0.364513
-0.904384 0.313766 0.289206
-0.922273 0.258237 0.287621
-0.876245 0.304781 0.373233
-0.896929 0.229003 0.378253
-0.900426 0.281383 0.331748
-0.922273 0.258237 0.287621
-0.900704 0.191639 0.389880
-0.889299 0.193326 0.414454
-0.915438 0.242871 0.320914
-0.915438 0.242871 0.320914
-0.887553 0.212241 0.408905
-0.890876 0.174302 0.419474
-0.914695 0.152449 0.374290
-0.909669 0.208466 0.359228
-0.894600 0.116687 0.431365
-0.890876 0.174302 0.419474
-0.913199 0.171225 0.369798
-0.890876 0.174302 0.419474
-0.914695 0.152449 0.374290
-0.905060 0.134796 0.403356
-0.889299 0.193326 0.414454
-0.889299 0.193326 0.414454
-0.885637 0.231036 0.402827
-0.889299 0.193326 0.414454
-0.883549 0.249699 0.396221
-0.889299 0.193326 0.414454
-0.885637 0.231036 0.402827
-0.867199 0.289066 0.405470
-0.867199 0.289066 0.405470
-0.870494 0.340628 0.355265
-0.796573 0.338544 0.500859
-0.829006 0.296074 0.474435
-0.818841 0.370428 0.438499
-0.824239 0.333620 0.457524
-0.815903 0.388525 0.428194
-0.782127 0.495983 0.377196
-0.809538 0.424044 0.405998
-0.806108 0.441440 0.394108
-0.782780 0.430529 0.449333
-0.765572 0.451491 0.458317
-0.751128 0.454630 0.478663
-0.761072 0.532751 0.370062
-0.719503 0.544489 0.431101
-0.747677 0.536794 0.390937
-0.682368 0.584887 0.438499
-0.704759 0.548146 0.450390
-0.674041 0.555092 0.487383
-0.693303 0.597011 0.403620
-0.659515 0.620720 0.423966
-0.663359 0.604827 0.440613
-0.573002 0.725802 0.380632
-0.618797 0.712554 0.330691
-0.573002 0.725802 0.380632
-0.568446 0.686056 0.454089
-0.581060 0.697272 0.419738
-0.499822 0.768958 0.398600
-0.513976 0.711659 0.478927
-0.503539 0.755308 0.419474
-0.503539 0.755308 0.419474
-0.417134 0.834268 0.360550
-0.420643 0.822166 0.383538
-0.392841 0.860508 0.324349
-0.471524 0.811021 0.346281
-0.385458 0.828735 0.405734
-0.385458 0.828735 0.405734
-0.399833 0.837744 0.371912
-0.406401 0.812803 0.417360
-0.331040 0.837336 0.435064
-0.229003 0.896929 0.378253
-0.247492 0.894777 0.371648
-0.336121 0.810645 0.479456
-0.215794 0.863175 0.456467
-0.308240 0.739775 0.598098
-0.325950 0.753759 0.570617
-0.325950 0.753759 0.570617
-0.077935 0.896250 0.436649
-0.039649 0.872288 0.487383
-0.039010 0.897238 0.439820
-0.039335 0.885032 0.463866
0.060350 0.844899 0.531510
0.000000 0.885351 0.464923
0.059906 0.858650 0.509050
0.058975 0.884632 0.462545
0.141338 0.827837 0.542872
0.179922 0.839635 0.512485
0.121282 0.828758 0.546307
0.121282 0.828758 0.546307
0.140330 0.841979 0.520941
0.203787 0.794770 0.571674
0.288379 0.741547 0.605760
0.282990 0.788330 0.546307
0.279095 0.817349 0.504030
0.284846 0.773154 0.566653
0.345359 0.751664 0.561897
0.447615 0.691769 0.566653
0.362256 0.764762 0.532831
0.369030 0.717559 0.590699
0.390566 0.698908 0.599154
0.428816 0.694273 0.578016
0.409795 0.696652 0.588849
0.386022 0.731411 0.562161
0.454917 0.641019 0.618179
0.468829 0.672667 0.572467
0.501913 0.564652 0.655172
0.473844 0.638659 0.606289
0.478498 0.603324 0.637997
0.478498 0.603324 0.637997
0.457177 0.623423 0.634298
0.457177 0.623423 0.634298
0.473844 0.638659 0.606289
0.476215 0.621151 0.622407
0.459352 0.605509 0.649888
0.546035 0.504032 0.669177
0.504032 0.546035 0.669177
0.504032 0.546035 0.669177
0.546035 0.504032 0.669177
0.504032 0.546035 0.669177
0.634809 0.338565 0.694544
0.575898 0.383932 0.721760
0.634809 0.338565 0.694544
0.637772 0.297627 0.710398
0.634809 0.338565 0.694544
0.629591 0.398741 0.666799
0.634809 0.338565 0.694544
0.657298 0.275641 0.701414
0.660811 0.213165 0.719646
0.642484 0.214161 0.735764
0.642484 0.214161 0.735764
0.641456 0.235201 0.730215
0.641456 0.235201 0.730215
0.682179 0.127909 0.719910
0.708371 0.291682 0.642753
0.673743 0.294762 0.677632
0.660811 0.213165 0.719646
0.682179 0.127909 0.719910
0.673743 0.294762 0.677632
0.708371 0.291682 0.642753
0.682179 0.127909 0.719910
0.644242 0.171798 0.745277
0.640329 0.256132 0.724138
0.643413 0.193024 0.740785
0.621777 0.257287 0.739728
0.581527 0.301533 0.755582
0.580257 0.322365 0.747919
0.561000 0.323654 0.761924
0.607591 0.439980 0.661250
0.556820 0.385490 0.735764
0.420392 0.609569 0.672083
0.522993 0.543913 0.656229
0.486763 0.529090 0.695072
0.467230 0.530943 0.706963
0.468998 0.511635 0.719910
0.443881 0.570705 0.690844
0.402391 0.592997 0.697450
0.383932 0.575898 0.721760
0.410299 0.496678 0.764830
0.470689 0.492083 0.732329
0.388414 0.517885 0.762188
0.382308 0.594702 0.707227
0.382308 0.594702 0.707227
0.318171 0.636342 0.702735
0.297627 0.637772 0.710398
0.253686 0.676496 0.691373
0.290059 0.725148 0.624521
0.211058 0.696491 0.685824
0.170178 0.680711 0.712512
0.127268 0.699976 0.702735
0.126605 0.717428 0.685031
0.165586 0.765836 0.621350
0.230557 0.712631 0.662571
0.125208 0.751245 0.648038
0.126605 0.717428 0.685031
0.104432 0.751908 0.650945
-0.272888 0.692715 0.667591
-0.310044 0.723435 0.616858
0.000000 0.736616 0.676311
-0.290059 0.725148 0.624521
-0.256132 0.640329 0.724138
-0.310044 0.723435 0.616858
-0.275641 0.657298 0.701414
-0.310044 0.723435 0.616858
-0.310044 0.723435 0.616858
-0.290059 0.725148 0.624521
-0.310044 0.723435 0.616858
-0.254931 0.658573 0.708020
-0.329875 0.721601 0.608667
-0.268375 0.743192 0.612895
-0.268375 0.743192 0.612895
-0.308240 0.739775 0.598098
-0.291682 0.708371 0.642753
-0.329875 0.721601 0.608667
-0.331739 0.704945 0.626899
-0.406401 0.812803 0.417360
-0.373176 0.684155 0.626635
-0.290059 0.725148 0.624521
-0.290059 0.725148 0.624521
-0.373176 0.684155 0.626635
-0.407437 0.713015 0.570617
-0.378861 0.631435 0.676576
-0.373176 0.684155 0.626635
-0.454917 0.641019 0.618179
-0.452571 0.658284 0.601533
-0.510965 0.633596 0.580922
-0.454917 0.641019 0.618179
-0.510965 0.633596 0.580922
-0.529134 0.630890 0.567446
-0.536970 0.578275 0.614216
-0.508268 0.650582 0.564275
-0.526316 0.647774 0.550799
-0.529134 0.630890 0.567446
-0.575761 0.555198 0.600211
-0.564625 0.625121 0.538909
-0.549855 0.610950 0.569560
-0.621151 0.476215 0.622407
-0.616276 0.513563 0.597041
-0.618769 0.495015 0.609988
-0.587292 0.461444 0.664949
-0.623423 0.457177 0.634298
-0.623423 0.457177 0.634298
-0.623423 0.457177 0.634298
-0.621151 0.476215 0.622407
-0.618769 0.495015 0.609988
-0.625586 0.437910 0.645660
-0.633174 0.358799 0.685824
-0.607591 0.439980 0.661250
-0.689139 0.466182 0.554763
-0.682096 0.392722 0.616858
-0.684155 0.373176 0.626635
-0.687924 0.333539 0.644603
-0.704945 0.331739 0.626899
-0.751664 0.345359 0.561897
-0.701041 0.371139 0.608931
-0.737877 0.327945 0.589906
-0.773154 0.284846 0.566653
-0.711327 0.251057 0.656494
-0.773154 0.284846 0.566653
-0.746109 0.227978 0.625578
-0.712631 0.230557 0.662571
-0.729557 0.229289 0.644339
-0.749557 0.166568 0.640639
-0.760827 0.246755 0.600211
-0.759255 0.266765 0.593605
-0.743192 0.268375 0.612895
-0.696491 0.211058 0.685824
-0.726738 0.269931 0.631655
-0.694086 0.252395 0.674197
-0.708371 0.291682 0.642753
-0.743192 0.268375 0.612895
-0.696491 0.211058 0.685824
-0.743192 0.268375 0.612895
-0.712631 0.230557 0.662571
-0.712631 0.230557 0.662571
-0.708371 0.291682 0.642753
-0.712631 0.230557 0.662571
-0.691231 0.293250 0.660457
-0.708371 0.291682 0.642753
-0.712631 0.230557 0.662571
-0.637772 0.297627 0.710398
-0.670552 0.335276 0.661778
-0.639101 0.276944 0.717532
-0.636342 0.318171 0.702735
-0.640329 0.256132 0.724138
-0.627642 0.418428 0.656494
-0.636342 0.318171 0.702735
-0.637772 0.297627 0.710398
-0.634809 0.338565 0.694544
-0.623423 0.457177 0.634298
-0.613218 0.380618 0.692165
-0.627642 0.418428 0.656494
-0.621151 0.476215 0.622407
-0.621151 0.476215 0.622407
-0.623423 0.457177 0.634298
-0.551839 0.445716 0.704849
-0.472301 0.472301 0.744220
-0.449157 0.513322 0.731272
-0.468998 0.511635 0.719910
-0.509863 0.488619 0.708020
-0.488619 0.509863 0.708020
-0.472301 0.472301 0.744220
-0.461444 0.587292 0.664949
-0.389780 0.498052 0.774607
-0.383932 0.575898 0.721760
-0.380618 0.613218 0.692165
-0.383932 0.575898 0.721760
-0.378861 0.631435 0.676576
-0.344427 0.559694 0.753732
-0.293250 0.691231 0.660457
-0.338565 0.634809 0.694544
-0.313470 0.689635 0.652794
-0.302733 0.562218 0.769586
-0.300282 0.600564 0.741049
-0.276944 0.639101 0.717532
-0.278198 0.620595 0.733122
-0.294762 0.673743 0.677632
-0.216044 0.604923 0.766416
-0.216044 0.604923 0.766416
-0.176557 0.507601 0.843308
-0.218598 0.546495 0.808429
-0.219379 0.526510 0.821377
-0.022017 0.550434 0.834588
-0.197011 0.547253 0.813450
-0.021936 0.570345 0.821112
0.021764 0.609386 0.792575
-0.133899 0.446332 0.884793
-0.133514 0.467299 0.873960
-0.089635 0.425765 0.900383
-0.134265 0.425173 0.895098
-0.111973 0.425498 0.898005
-0.111973 0.425498 0.898005
-0.090287 0.361147 0.928128
-0.090287 0.361147 0.928128
0.259466 0.583799 0.769322
-0.090082 0.382850 0.919408
-0.090082 0.382850 0.919408
-0.067747 0.361320 0.929978
0.304985 0.522831 0.796010
-0.067747 0.361320 0.929978
0.371481 0.458888 0.807108
0.326072 0.521714 0.788347
0.303883 0.542649 0.783062
0.393505 0.437228 0.808693
0.389780 0.498052 0.774607
0.411679 0.476681 0.776721
0.323654 0.561000 0.761924
0.416548 0.394625 0.818999
0.457713 0.392325 0.797860
0.481478 0.328280 0.812657
0.344427 0.559694 0.753732
0.408853 0.516446 0.752411
0.408853 0.516446 0.752411
0.484312 0.264170 0.834060
0.544736 0.261473 0.796803
0.480389 0.349374 0.804466
0.481478 0.328280 0.812657
0.501709 0.327202 0.800766
0.505523 0.241772 0.828247
0.542649 0.303883 0.783062
0.522831 0.304985 0.796010
0.504682 0.263312 0.822169
0.525708 0.240949 0.815828
0.624744 0.193886 0.756375
0.585713 0.216931 0.780949
0.562218 0.302733 0.769586
0.563351 0.281675 0.776721
0.622862 0.236258 0.745805
0.563351 0.281675 0.776721
0.679817 0.191199 0.708020
0.642484 0.214161 0.735764
0.626246 0.151163 0.764830
0.645606 0.129121 0.752675
0.644973 0.150494 0.749240
0.642484 0.214161 0.735764
0.644973 0.150494 0.749240
0.566234 0.217782 0.794953
0.568895 0.131283 0.811864
0.565358 0.239190 0.789404
0.568355 0.153019 0.808429
0.568355 0.153019 0.808429
0.543734 0.282741 0.790197
0.525708 0.240949 0.815828
0.503767 0.284738 0.815563
0.484312 0.264170 0.834060
0.502776 0.306037 0.808429
0.482494 0.307042 0.820320
0.461031 0.329308 0.824019
0.388414 0.517885 0.762188
0.396683 0.374645 0.838024
0.398504 0.332087 0.854935
0.396683 0.374645 0.838024
0.332913 0.377302 0.864183
0.397623 0.353443 0.846743
0.312081 0.356665 0.880565
0.022729 0.295475 0.955080
-0.022767 0.273207 0.961686
0.199635 0.465814 0.862069
-0.045366 0.317559 0.947153
0.022767 0.273207 0.961686
-0.022595 0.361518 0.932091
-0.067747 0.361320 0.929978
0.067076 0.447175 0.891928
-0.090082 0.382850 0.919408
-0.111348 0.467662 0.876866
-0.090082 0.382850 0.919408
-0.111348 0.467662 0.876866
-0.088865 0.488757 0.867882
-0.133514 0.467299 0.873960
-0.133899 0.446332 0.884793
-0.133109 0.488065 0.862597
-0.111010 0.488446 0.865504
-0.066469 0.509598 0.857841
-0.109491 0.569351 0.814771
-0.155150 0.487615 0.859162
-0.219379 0.526510 0.821377
-0.220838 0.485845 0.845686
-0.219379 0.526510 0.821377
-0.219379 0.526510 0.821377
-0.221517 0.465186 0.857048
-0.155150 0.487615 0.859162
-0.264987 0.463728 0.845422
-0.220838 0.485845 0.845686
-0.307042 0.482494 0.820320
-0.308908 0.441297 0.842516
-0.287398 0.442151 0.849650
-0.284738 0.503767 0.815563
-0.286555 0.462897 0.838816
-0.307999 0.461998 0.831682
-0.307042 0.482494 0.820320
-0.373647 0.417606 0.828247
-0.327202 0.501709 0.800766
-0.348221 0.500567 0.792575
-0.330284 0.440379 0.834853
-0.372593 0.438345 0.817942
-0.396683 0.374645 0.838024
-0.394625 0.416548 0.818999
-0.399326 0.310587 0.862597
-0.374645 0.396683 0.838024
-0.479227 0.370311 0.795746
-0.395684 0.395684 0.828775
-0.480389 0.349374 0.804466
-0.480389 0.349374 0.804466
-0.517885 0.388414 0.762188
-0.480389 0.349374 0.804466
-0.479227 0.370311 0.795746
-0.461031 0.329308 0.824019
-0.483439 0.285668 0.827454
-0.482494 0.307042 0.820320
-0.482494 0.307042 0.820320
-0.480389 0.349374 0.804466
-0.463728 0.264987 0.845422
-0.482494 0.307042 0.820320
-0.465186 0.221517 0.857048
-0.485114 0.242557 0.840137
-0.484312 0.264170 0.834060
-0.481478 0.328280 0.812657
-0.482494 0.307042 0.820320
-0.485845 0.220838 0.845686
-0.482494 0.307042 0.820320
-0.445925 0.156074 0.881358
-0.486505 0.199025 0.850707
-0.486505 0.199025 0.850707
-0.483439 0.285668 0.827454
-0.486505 0.199025 0.850707
-0.486505 0.199025 0.850707
-0.488065 0.133109 0.862597
-0.486505 0.199025 0.850707
-0.486505 0.199025 0.850707
-0.486505 0.199025 0.850707
-0.527235 0.197713 0.826397
-0.467299 0.133514 0.873960
-0.444325 0.222162 0.867882
-0.488065 0.133109 0.862597
-0.485845 0.220838 0.845686
-0.487095 0.177125 0.855199
-0.487095 0.177125 0.855199
-0.464491 0.243305 0.851500
-0.400796 0.267198 0.876338
-0.401445 0.245327 0.882415
-0.402036 0.223353 0.887964
-0.401445 0.245327 0.882415
-0.399326 0.310587 0.862597
-0.400796 0.267198 0.876338
-0.402036 0.223353 0.887964
-0.402036 0.223353 0.887964
-0.402036 0.223353 0.887964
-0.380630 0.223900 0.897212
-0.291556 0.313983 0.903554
-0.376472 0.354327 0.855992
-0.396683 0.374645 0.838024
-0.379462 0.267855 0.885586
-0.379462 0.267855 0.885586
-0.312760 0.335100 0.888757
-0.352506 0.418601 0.836967
-0.352506 0.418601 0.836967
-0.332913 0.377302 0.864183
-0.311357 0.378077 0.871846
-0.288954 0.400090 0.869732
-0.288954 0.400090 0.869732
-0.225345 0.315483 0.921786
-0.266501 0.421959 0.866561
-0.045180 0.361444 0.931299
-0.199025 0.486505 0.850707
-0.201285 0.402570 0.892985
-0.222774 0.423271 0.878187
-0.201285 0.402570 0.892985
-0.180722 0.316263 0.931299
-0.135801 0.316868 0.938697
-0.134937 0.382322 0.914123
-0.134611 0.403833 0.904875
-0.090287 0.361147 0.928128
-0.045180 0.361444 0.931299
0.068265 0.273060 0.959572
0.045180 0.361444 0.931299
0.136281 0.272562 0.952438
0.000000 0.317645 0.948210
0.022687 0.317623 0.947946
-0.045366 0.317559 0.947153
-0.045366 0.317559 0.947153
0.000000 0.295495 0.955344
0.000000 0.228361 0.973576
0.000000 0.273225 0.961950
0.045596 0.250777 0.966971
0.000000 0.205787 0.978597
0.000000 0.250844 0.968027
0.045770 0.183080 0.982032
0.068632 0.183019 0.980711
0.045770 0.183080 0.982032
0.181905 0.227381 0.956665
0.181647 0.249764 0.951116
0.091363 0.205567 0.974369
0.114478 0.137374 0.983882
0.181647 0.249764 0.951116
0.204905 0.182138 0.961686
0.204905 0.182138 0.961686
0.114379 0.160131 0.980447
0.250237 0.136493 0.958515
0.091558 0.160227 0.982825
0.137273 0.137273 0.980975
0.204905 0.182138 0.961686
0.137273 0.137273 0.980975
0.137374 0.114478 0.983882
0.091638 0.137456 0.986260
0.137374 0.114478 0.983882
0.137374 0.114478 0.983882
0.160302 0.068701 0.984674
0.091638 0.137456 0.986260
0.183019 0.068632 0.980711
0.228224 0.068467 0.971198
0.160355 0.045816 0.985996
0.182934 0.091467 0.978861
0.205112 0.159532 0.965649
0.250237 0.136493 0.958515
0.137566 0.045855 0.989431
0.250575 0.091118 0.963800
0.160227 0.091558 0.982825
0.137374 0.114478 0.983882
0.183019 0.068632 0.980711
0.183019 0.068632 0.980711
0.250575 0.091118 0.963800
0.160227 0.091558 0.982825
0.160227 0.091558 0.982825
0.182824 0.114265 0.976483
0.160131 0.114379 0.980447
0.160355 0.045816 0.985996
0.205732 0.045718 0.977540
0.182934 0.091467 0.978861
0.091558 0.160227 0.982825
0.137154 0.160013 0.977540
0.137154 0.160013 0.977540
0.137154 0.160013 0.977540
0.159874 0.159874 0.974105
0.114265 0.182824 0.976483
0.045718 0.205732 0.977540
0.091558 0.160227 0.982825
0.068632 0.183019 0.980711
0.045596 0.250777 0.966971
0.045660 0.228300 0.972519
0.022687 0.317623 0.947946
-0.045660 0.228300 0.972519
-0.113829 0.250423 0.961422
-0.045596 0.250777 0.966971
-0.045525 0.273152 0.960893
-0.045525 0.273152 0.960893
-0.045276 0.339571 0.939490
-0.136493 0.250237 0.958515
-0.136281 0.272562 0.952438
-0.136281 0.272562 0.952438
-0.136050 0.294776 0.945832
-0.181363 0.272045 0.945039
-0.181363 0.272045 0.945039
-0.203798 0.271731 0.940547
-0.203451 0.293874 0.933941
-0.203451 0.293874 0.933941
-0.225345 0.315483 0.921786
-0.202238 0.359535 0.910953
-0.226149 0.271379 0.935526
-0.202671 0.337785 0.919144
-0.224895 0.337343 0.914123
-0.203798 0.271731 0.940547
-0.159102 0.250018 0.955080
-0.269595 0.314528 0.910160
-0.225345 0.315483 0.921786
-0.315483 0.225345 0.921786
-0.293492 0.225763 0.928921
-0.315027 0.247522 0.916237
-0.315027 0.247522 0.916237
-0.316587 0.158294 0.935262
-0.294776 0.136050 0.945832
-0.316868 0.135801 0.938697
-0.316263 0.180722 0.931299
-0.248407 0.270990 0.929978
-0.316263 0.180722 0.931299
-0.316263 0.180722 0.931299
-0.360651 0.135244 0.922843
-0.359957 0.179978 0.915445
-0.359062 0.224414 0.905932
-0.317451 0.068025 0.945832
-0.403468 0.156904 0.901440
-0.359062 0.224414 0.905932
-0.381583 0.179568 0.906725
-0.381979 0.157286 0.910688
-0.403468 0.156904 0.901440
-0.382322 0.134937 0.914123
-0.382612 0.112533 0.917030
-0.359062 0.224414 0.905932
-0.381133 0.201776 0.902233
-0.381133 0.201776 0.902233
-0.381979 0.157286 0.910688
-0.317451 0.068025 0.945832
-0.381133 0.201776 0.902233
-0.316263 0.180722 0.931299
-0.316263 0.180722 0.931299
-0.316587 0.158294 0.935262
-0.316587 0.158294 0.935262
-0.315895 0.203075 0.926807
-0.316263 0.180722 0.931299
-0.316263 0.180722 0.931299
-0.227120 0.204408 0.952173
-0.226828 0.226828 0.947153
-0.226828 0.226828 0.947153
-0.204670 0.204670 0.957194
-0.204408 0.227120 0.952173
-0.136861 0.205291 0.969084
-0.114478 0.137374 0.983882
-0.114379 0.160131 0.980447
-0.114478 0.137374 0.983882
-0.136686 0.227810 0.964064
-0.137017 0.182689 0.973576
-0.136493 0.250237 0.958515
-0.136493 0.250237 0.958515
-0.137017 0.182689 0.973576
-0.136493 0.250237 0.958515
-0.137017 0.182689 0.973576
-0.137017 0.182689 0.973576
-0.114562 0.114562 0.986788
-0.113829 0.250423 0.961422
-0.114265 0.182824 0.976483
-0.114379 0.160131 0.980447
-0.114379 0.160131 0.980447
-0.114135 0.205443 0.971991
-0.114478 0.137374 0.983882
-0.114379 0.160131 0.980447
-0.113829 0.250423 0.961422
-0.114379 0.160131 0.980447
-0.045916 0.091832 0.994715
-0.114379 0.160131 0.980447
-0.113829 0.250423 0.961422
0.045718 0.205732 0.977540
-0.045889 0.114722 0.992337
-0.022912 0.160387 0.986788
-0.045916 0.091832 0.994715
-0.045816 0.160355 0.985996
-0.045816 0.160355 0.985996
-0.045916 0.091832 0.994715
-0.045770 0.183080 0.982032
-0.045770 0.183080 0.982032
-0.045916 0.091832 0.994715
-0.045816 0.160355 0.985996
-0.045660 0.228300 0.972519
-0.045770 0.183080 0.982032
-0.045660 0.228300 0.972519
-0.045916 0.091832 0.994715
-0.045718 0.205732 0.977540
0.000000 0.160398 0.987052
-0.045816 0.160355 0.985996
-0.045770 0.183080 0.982032
-0.045660 0.228300 0.972519
-0.045770 0.183080 0.982032
-0.045718 0.205732 0.977540
-0.022890 0.183117 0.982825
-0.045718 0.205732 0.977540
-0.068701 0.160302 0.984674
-0.045770 0.183080 0.982032
-0.045718 0.205732 0.977540
-0.045816 0.160355 0.985996
-0.022949 0.114745 0.993130
-0.045770 0.183080 0.982032
-0.022949 0.114745 0.993130
-0.068701 0.160302 0.984674
-0.045770 0.183080 0.982032
-0.022949 0.114745 0.993130
-0.022890 0.183117 0.982825
-0.045718 0.205732 0.977540
-0.045770 0.183080 0.982032
-0.045816 0.160355 0.985996
-0.045816 0.160355 0.985996
-0.045718 0.205732 0.977540
-0.045770 0.183080 0.982032
-0.045855 0.137566 0.989431
-0.045855 0.137566 0.989431
-0.114135 0.205443 0.971991
-0.114379 0.160131 0.980447
-0.136493 0.250237 0.958515
-0.091363 0.205567 0.974369
-0.091247 0.228117 0.969349
-0.136493 0.250237 0.958515
-0.113829 0.250423 0.961422
-0.136493 0.250237 0.958515
-0.137017 0.182689 0.973576
-0.136493 0.250237 0.958515
-0.137017 0.182689 0.973576
-0.137017 0.182689 0.973576
-0.114135 0.205443 0.971991
-0.137017 0.182689 0.973576
-0.114135 0.205443 0.971991
-0.136861 0.205291 0.969084
-0.068265 0.273060 0.959572
-0.113652 0.272765 0.955344
-0.202671 0.337785 0.919144
-0.203798 0.271731 0.940547
-0.224895 0.337343 0.914123
-0.178670 0.424342 0.887700
-0.226149 0.271379 0.935526
-0.157644 0.360329 0.919408
-0.022371 0.447425 0.894041
-0.198384 0.506982 0.838816
-0.220126 0.506290 0.833796
-0.224414 0.359062 0.905932
-0.222162 0.444325 0.867882
-0.221517 0.465186 0.857048
-0.308908 0.441297 0.842516
-0.264170 0.484312 0.834060
-0.284738 0.503767 0.815563
-0.302733 0.562218 0.769586
-0.303883 0.542649 0.783062
-0.365043 0.558301 0.745013
-0.302733 0.562218 0.769586
-0.306037 0.502776 0.808429
-0.303883 0.542649 0.783062
-0.365043 0.558301 0.745013
-0.382308 0.594702 0.707227
-0.377035 0.649339 0.660457
-0.373176 0.684155 0.626635
-0.392722 0.682096 0.616858
-0.428816 0.694273 0.578016
-0.452571 0.658284 0.601533
-0.442299 0.723762 0.529660
-0.439501 0.739161 0.510371
-0.442299 0.723762 0.529660
-0.478659 0.717988 0.505351
-0.430529 0.782780 0.449333
-0.475441 0.798740 0.368741
-0.462202 0.789595 0.403620
-0.492018 0.794799 0.355265
-0.504061 0.851689 0.143348
-0.515200 0.809600 0.281279
-0.485504 0.845136 0.223676
-0.523727 0.837963 0.153389
-0.515123 0.834854 0.194081
-0.475333 0.862641 0.172942
-0.475333 0.862641 0.172942
-0.509679 0.843607 0.168979
-0.464501 0.877391 0.120095
-0.511833 0.853056 0.101599
-0.450085 0.882859 0.134100
-0.498261 0.859071 0.117189
-0.455350 0.875673 0.160787
-0.440371 0.880742 0.174263
-0.427276 0.903852 0.022064
-0.450085 0.882859 0.134100
-0.433254 0.899835 0.050865
-0.444652 0.889304 0.106883
-0.472643 0.877765 0.078346
-0.440659 0.897638 0.008059
-0.472643 0.877765 0.078346
-0.419253 0.905587 0.064341
-0.419253 0.905587 0.064341
-0.385090 0.920867 0.060906
-0.340198 0.935544 0.094993
-0.325986 0.945359 0.005417
-0.452962 0.889147 0.065134
-0.304882 0.948522 0.085744
-0.385090 0.920867 0.060906
-0.350595 0.934921 0.054829
-0.379729 0.924559 0.031576
-0.427276 0.903852 0.022064
-0.458823 0.883660 0.092879
-0.427276 0.903852 0.022064
-0.473114 0.880971 0.007266
-0.473114 0.880971 0.007266
-0.473114 0.880971 0.007266
-0.340198 0.935544 0.094993
-0.433254 0.899835 0.050865
-0.304882 0.948522 0.085744
-0.365307 0.929872 0.043467
-0.293015 0.947990 0.124323
-0.289168 0.952554 0.094993
-0.439044 0.894974 0.079139
-0.230784 0.972590 0.028405
-0.430145 0.894701 0.120359
-0.273240 0.956339 0.103713
-0.444652 0.889304 0.106883
-0.234227 0.970370 0.059321
-0.221315 0.970382 0.096842
-0.188346 0.975976 0.109526
-0.166866 0.984512 0.053772
-0.164358 0.986148 0.022328
-0.164358 0.986148 0.022328
-0.136030 0.986216 0.094200
-0.132097 0.990725 0.031840
-0.132097 0.990725 0.031840
-0.132097 0.990725 0.031840
-0.148285 0.988566 0.027348
-0.102367 0.989545 0.101599
-0.033773 0.996291 0.079139
-0.100920 0.992380 0.070683
-0.085418 0.990849 0.104505
-0.033277 0.998308 0.047695
-0.034253 0.993335 0.110054
0.087717 0.982427 0.164751
0.033773 0.996291 0.079139
0.049884 0.997678 0.046373
0.049884 0.997678 0.046373
0.141488 0.972732 0.183776
0.097886 0.995171 0.007266
0.119241 0.988001 0.098164
0.171652 0.978414 0.115075
0.171652 0.978414 0.115075
0.164358 0.986148 0.022328
0.196105 0.980525 0.010702
0.234227 0.970370 0.059321
0.218228 0.973633 0.066455
0.183069 0.981917 0.048223
0.269518 0.960159 0.073854
0.265678 0.963082 0.043467
0.234227 0.970370 0.059321
0.315891 0.947674 0.046109
0.308973 0.944083 0.115075
0.332983 0.928847 0.162373
0.300661 0.952092 0.055886
0.325986 0.945359 0.005417
0.348951 0.924721 0.152068
0.410203 0.905864 0.105562
0.370405 0.926013 0.072797
0.385090 0.920867 0.060906
0.427276 0.903852 0.022064
0.427276 0.903852 0.022064
0.427276 0.903852 0.022064
0.492500 0.870084 0.019950
0.517875 0.845863 0.127758
0.492500 0.870084 0.019950
0.504880 0.863181 0.003831
0.504880 0.863181 0.003831
0.492500 0.870084 0.019950
0.556783 0.817775 0.145726
0.588916 0.796768 0.135421
0.563489 0.819621 0.103448
0.588916 0.796768 0.135421
0.619992 0.774990 0.122473
0.663083 0.732882 0.152332
0.663083 0.732882 0.152332
0.681058 0.730891 0.044259
0.732882 0.663083 0.152332
0.739157 0.651162 0.172150
0.732882 0.663083 0.152332
0.732882 0.663083 0.152332
0.690304 0.723175 0.022328
0.742983 0.656590 0.129872
0.783681 0.613316 0.098428
0.774990 0.619992 0.122473
0.769604 0.635760 0.059321
0.859071 0.498261 0.117189
0.784567 0.617638 0.054565
0.870375 0.470002 0.146783
0.890204 0.409494 0.199630
0.864842 0.484312 0.132250
0.894605 0.393626 0.211521
0.894701 0.430145 0.120359
0.905587 0.419253 0.064341
0.926013 0.370405 0.072797
0.930919 0.255546 0.260933
0.921300 0.375345 0.101599
0.911078 0.404924 0.077289
0.964008 0.210329 0.162637
0.938813 0.312938 0.143876
0.921300 0.375345 0.101599
0.966594 0.143199 0.212578
0.951659 0.276846 0.133043
0.972732 0.141488 0.183776
0.964802 0.160800 0.208086
0.960573 0.195672 0.197516
0.960573 0.195672 0.197516
0.966524 0.193305 0.168714
0.978685 -0.053383 0.198309
0.968173 0.125504 0.216541
0.975767 0.106447 0.191175
0.964802 0.160800 0.208086
0.975767 0.106447 0.191175
0.981200 0.105129 0.161844
0.964802 0.160800 0.208086
0.972732 0.141488 0.183776
0.960573 0.195672 0.197516
0.960573 0.195672 0.197516
0.983429 0.070245 0.167129
0.949487 0.263746 0.170036
0.976167 0.156884 0.149954
0.960573 0.195672 0.197516
0.960573 0.195672 0.197516
0.952554 0.289168 0.094993
0.920867 0.385090 0.060906
0.916315 0.390282 0.089708
0.946158 0.280343 0.161844
0.916315 0.390282 0.089708
0.934792 0.328908 0.134100
0.921300 0.375345 0.101599
0.902390 0.389266 0.184833
0.864842 0.484312 0.132250
0.859071 0.498261 0.117189
0.870375 0.470002 0.146783
0.870375 0.470002 0.146783
0.870375 0.470002 0.146783
0.784009 0.620674 0.009645
0.859071 0.498261 0.117189
0.784009 0.620674 0.009645
0.776770 0.624793 0.079139
0.762177 0.646194 0.038975
0.752488 0.649876 0.106883
0.712689 0.695720 0.089708
0.673345 0.739037 0.020743
0.660819 0.745540 0.086537
0.667773 0.736263 0.109526
0.601350 0.790345 0.117189
0.582508 0.805231 0.110847
0.575889 0.813019 0.085744
0.499154 0.865200 0.047695
0.588916 0.796768 0.135421
0.537390 0.832087 0.137270
0.505596 0.859512 0.074911
0.427276 0.903852 0.022064
0.385090 0.920867 0.060906
0.308973 0.944083 0.115075
0.276846 0.951659 0.133043
0.312938 0.938813 0.143876
0.316781 0.932745 0.172150
0.296745 0.942600 0.153125
0.237563 0.967221 0.089708
0.173935 0.974033 0.144933
0.124009 0.974359 0.187739
0.100920 0.992380 0.070683
0.050628 0.995681 0.077817
0.034253 0.993335 0.110054
-0.050628 0.995681 0.077817
-0.067446 0.994827 0.075968
-0.081689 0.996606 0.010173
-0.134094 0.988946 0.063284
-0.150537 0.986855 0.058792
-0.439044 0.894974 0.079139
-0.230784 0.972590 0.028405
-0.444652 0.889304 0.106883
-0.424785 0.900544 0.092615
-0.328908 0.934792 0.134100
-0.345598 0.938051 0.024970
-0.433254 0.899835 0.050865
-0.430145 0.894701 0.120359
-0.430145 0.894701 0.120359
-0.479708 0.876708 0.035540
-0.505596 0.859512 0.074911
-0.505596 0.859512 0.074911
-0.505596 0.859512 0.074911
-0.460202 0.887533 0.022328
-0.550107 0.833495 0.051658
-0.543082 0.839308 0.024970
-0.628342 0.777160 0.034747
-0.635760 0.769604 0.059321
-0.620674 0.784009 0.009645
-0.653629 0.754187 0.063020
-0.673345 0.739037 0.020743
-0.688513 0.722099 0.067248
-0.690304 0.723175 0.022328
-0.706922 0.706922 0.022856
-0.723175 0.690304 0.022328
-0.762177 0.646194 0.038975
-0.754482 0.656071 0.018100
-0.784567 0.617638 0.054565
-0.791710 0.606416 0.073854
-0.806164 0.587828 0.067512
-0.813019 0.580728 0.041881
-0.813019 0.580728 0.041881
-0.839308 0.543082 0.024970
-0.870084 0.492500 0.019950
-0.863181 0.504880 0.003831
-0.846311 0.531019 0.042146
-0.889147 0.452962 0.065134
-0.894974 0.439044 0.079139
-0.880971 0.473114 0.007266
-0.897638 0.440659 0.008059
-0.929872 0.365307 0.043467
-0.939710 0.335611 0.065663
-0.929872 0.365307 0.043467
-0.956253 0.285198 0.065134
-0.950192 0.311270 0.015722
-0.952092 0.300661 0.055886
-0.935953 0.269986 0.226054
-0.956253 0.285198 0.065134
-0.973300 0.204905 0.103448
-0.970382 0.221315 0.096842
-0.976643 0.202064 0.073061
-0.970382 0.221315 0.096842
-0.984190 0.152719 0.089708
-0.984190 0.152719 0.089708
-0.986216 0.136030 0.094200
-0.992744 0.051349 0.108733
-0.997678 0.049884 0.046373
-0.998811 0.000000 0.048751
-0.998685 -0.016645 0.048487
-0.993335 0.034253 0.110054
-0.981200 0.105129 0.161844
-0.998811 0.000000 0.048751
-0.984208 -0.052725 0.168979
-0.991915 -0.068408 0.106883
-0.992744 0.051349 0.108733
-0.970693 -0.089879 0.222883
-0.966208 0.000000 0.257762
-0.966107 0.018228 0.257498
-0.972893 0.036033 0.228432
-0.985805 0.103769 0.131986
-0.984208 0.052725 0.168979
-0.998811 0.000000 0.048751
-0.993808 0.000000 0.111111
-0.988104 0.069341 0.137270
-0.999729 0.016389 0.016515
-0.998811 0.000000 0.048751
-0.989545 0.102367 0.101599
-0.972732 0.141488 0.183776
-0.955472 0.230021 0.184833
-0.964802 0.160800 0.208086
-0.962796 0.178295 0.203065
-0.956005 0.180378 0.231338
-0.919525 0.275858 0.279958
-0.925048 0.290211 0.245079
-0.917725 0.224749 0.327520
-0.907438 0.296306 0.297926
-0.884374 0.319880 0.339939
-0.856041 0.361440 0.369534
-0.894037 0.364913 0.259876
-0.845823 0.413513 0.337033
-0.852920 0.426460 0.301097
-0.806108 0.441440 0.394108
-0.771652 0.415505 0.481570
-0.773982 0.528573 0.348659
-0.781910 0.539890 0.311666
-0.762306 0.469111 0.445898
-0.782780 0.430529 0.449333
-0.768958 0.499822 0.398600
-0.755308 0.503539 0.419474
-0.715707 0.560959 0.416039
-0.719503 0.544489 0.431101
-0.704759 0.548146 0.450390
-0.644843 0.544086 0.536795
-0.595586 0.635292 0.491611
-0.651362 0.592147 0.474435
-0.581922 0.622054 0.523847
-0.602092 0.602092 0.524376
-0.526316 0.647774 0.550799
-0.523394 0.664307 0.533624
-0.529134 0.630890 0.567446
-0.447615 0.691769 0.566653
-0.454917 0.641019 0.618179
-0.377035 0.649339 0.660457
-0.369030 0.717559 0.590699
-0.378861 0.631435 0.676576
-0.290059 0.725148 0.624521
-0.296221 0.655919 0.694279
-0.296221 0.655919 0.694279
-0.329875 0.721601 0.608667
-0.294762 0.673743 0.677632
-0.296221 0.655919 0.694279
-0.168436 0.715852 0.677632
-0.129121 0.645606 0.752675
-0.256132 0.640329 0.724138
-0.217782 0.566234 0.794953
-0.217782 0.566234 0.794953
-0.216044 0.604923 0.766416
-0.195513 0.586538 0.785969
-0.196278 0.567025 0.799974
0.042741 0.683854 0.728366
0.065253 0.609027 0.790461
0.107690 0.646141 0.755582
0.086211 0.646579 0.757960
0.214161 0.642484 0.735764
0.215121 0.623851 0.751354
0.215121 0.623851 0.751354
0.254931 0.658573 0.708020
0.211058 0.696491 0.685824
0.234103 0.659744 0.714097
0.212130 0.678817 0.702999
0.297627 0.637772 0.710398
0.355295 0.668790 0.653059
0.297627 0.637772 0.710398
0.385490 0.556820 0.735764
0.357079 0.651144 0.669705
0.366848 0.733696 0.571938
0.461444 0.587292 0.664949
0.461444 0.587292 0.664949
0.437910 0.625586 0.645660
0.433529 0.660615 0.612895
0.529134 0.630890 0.567446
0.463441 0.705236 0.536531
0.489952 0.653269 0.577223
0.536970 0.578275 0.614216
0.531847 0.613670 0.583565
0.597011 0.693303 0.403620
0.531847 0.613670 0.583565
0.577099 0.711756 0.400449
0.663359 0.604827 0.440613
0.733815 0.540706 0.411283
0.604827 0.663359 0.440613
0.597011 0.693303 0.403620
0.636245 0.655525 0.406791
0.612604 0.689179 0.386973
0.612604 0.689179 0.386973
0.689588 0.652313 0.314573
0.681307 0.699236 0.216541
0.707798 0.633293 0.312987
0.760443 0.574969 0.301889
0.719654 0.685385 0.111111
0.675436 0.710986 0.195667
0.675436 0.710986 0.195667
0.663083 0.732882 0.152332
0.663083 0.732882 0.152332
0.714641 0.698022 0.045316
0.732882 0.663083 0.152332
0.719654 0.685385 0.111111
0.698022 0.714641 0.045316
0.726383 0.674498 0.131986
0.719654 0.685385 0.111111
0.719654 0.685385 0.111111
0.742983 0.656590 0.129872
0.698022 0.714641 0.045316
0.726383 0.674498 0.131986
0.719654 0.685385 0.111111
0.732882 0.663083 0.152332
0.719654 0.685385 0.111111
0.739157 0.651162 0.172150
0.739157 0.651162 0.172150
0.726383 0.674498 0.131986
0.732882 0.663083 0.152332
0.772401 0.570106 0.279958
0.781910 0.539890 0.311666
0.772401 0.570106 0.279958
0.794799 0.492018 0.355265
0.781910 0.539890 0.311666
0.747969 0.579676 0.323292
0.738348 0.609138 0.289470
0.725693 0.614048 0.310345
0.751128 0.454630 0.478663
0.754142 0.436609 0.490554
0.774468 0.397163 0.492403
0.751128 0.454630 0.478663
0.628276 0.628276 0.458845
0.631850 0.612105 0.475492
0.707959 0.445003 0.548421
0.701041 0.371139 0.608931
0.703053 0.351526 0.618179
0.719642 0.349540 0.599947
0.709908 0.271435 0.649888
0.711327 0.251057 0.656494
0.746109 0.227978 0.625578
0.715852 0.168436 0.677632
0.725148 0.290059 0.624521
0.698454 0.169322 0.695336
0.680711 0.170178 0.712512
0.718553 0.084536 0.690316
0.718553 0.084536 0.690316
0.680711 0.170178 0.712512
0.681498 0.149078 0.716475
0.682179 0.127909 0.719910
0.681498 0.149078 0.716475
0.683227 0.085403 0.725195
0.683593 0.064087 0.727045
0.683227 0.085403 0.725195
0.683227 0.085403 0.725195
0.683227 0.085403 0.725195
0.683593 0.064087 0.727045
0.683593 0.064087 0.727045
0.683593 0.064087 0.727045
0.715852 0.168436 0.677632
0.719395 0.021159 0.694279
0.719226 0.042307 0.693487
0.679817 0.191199 0.708020
0.714893 0.189236 0.673140
0.718047 0.105595 0.687938
0.718047 0.105595 0.687938
0.735686 0.084078 0.672083
0.696491 0.211058 0.685824
0.716697 0.147555 0.681596
0.713819 0.209947 0.668120
0.762271 0.226621 0.606289
0.732891 0.167518 0.659400
0.713819 0.209947 0.668120
0.729557 0.229289 0.644339
0.729557 0.229289 0.644339
0.723435 0.310044 0.616858
0.721601 0.329875 0.608667
0.723435 0.310044 0.616858
0.774912 0.265102 0.573788
0.719642 0.349540 0.599947
0.719642 0.349540 0.599947
0.731411 0.386022 0.562161
0.713015 0.407437 0.570617
0.769232 0.323887 0.550799
0.764762 0.362256 0.532831
0.726445 0.423760 0.541023
0.713015 0.407437 0.570617
0.714893 0.496454 0.492403
0.683494 0.502569 0.529396
0.710552 0.426331 0.559783
0.689139 0.466182 0.554763
0.674041 0.555092 0.487383
0.647792 0.608532 0.458317
0.631850 0.612105 0.475492
0.644843 0.544086 0.536795
0.644843 0.544086 0.536795
0.598901 0.618864 0.508257
0.588582 0.667059 0.456731
0.602092 0.602092 0.524376
0.602092 0.602092 0.524376
0.598901 0.618864 0.508257
0.588582 0.667059 0.456731
0.503539 0.755308 0.419474
0.475582 0.733189 0.486062
0.489906 0.744657 0.453296
0.430529 0.782780 0.449333
0.381160 0.762320 0.523055
0.354779 0.808107 0.470207
0.359844 0.779661 0.512485
0.272772 0.857282 0.436649
0.277053 0.831158 0.482098
0.196549 0.864818 0.462016
0.157750 0.867626 0.471529
0.198089 0.851781 0.485005
0.119528 0.856618 0.501916
0.120418 0.842929 0.524376
0.039649 0.872288 0.487383
0.039955 0.859026 0.510371
0.039010 0.897238 0.439820
0.040538 0.831020 0.554763
0.000000 0.909226 0.416303
-0.038331 0.919956 0.390144
-0.119528 0.856618 0.501916
-0.120418 0.842929 0.524376
-0.157750 0.867626 0.471529
-0.340890 0.782041 0.521733
-0.323887 0.769232 0.550799
-0.359844 0.779661 0.512485
-0.323887 0.769232 0.550799
-0.366848 0.733696 0.571938
-0.347485 0.735851 0.581186
-0.349540 0.719642 0.599947
-0.359844 0.779661 0.512485
-0.336121 0.810645 0.479456
-0.306374 0.755722 0.578808
-0.369030 0.717559 0.590699
-0.427338 0.796403 0.427930
