0.927263 -0.370905 0.051109
0.927263 -0.370905 0.051109
0.927263 -0.370905 0.051109
0.932732 -0.345456 0.103299
0.914287 -0.358544 0.188480
0.895794 -0.421550 0.140887
0.902140 -0.416372 0.113034
0.885114 -0.451235 0.113845
0.873433 -0.479532 0.084640
0.890577 -0.436557 0.127637
0.867205 -0.493116 0.069227
0.848596 -0.487491 0.205516
0.841583 -0.532430 0.090860
0.806933 -0.583739 0.090049
0.814333 -0.576819 0.064359
0.798075 -0.562280 0.216604
0.770519 -0.609247 0.187399
0.780588 -0.603182 0.163872
0.742917 -0.634197 0.214170
0.734997 -0.664998 0.132504
0.765515 -0.601476 0.228502
0.747872 -0.641033 0.172526
0.702019 -0.684018 0.198215
0.577995 -0.764446 0.285560
0.655862 -0.693339 0.298540
0.620793 -0.748603 0.232829
0.581964 -0.782015 0.223094
0.582899 -0.752127 0.307463
0.592674 -0.759363 0.268524
0.547487 -0.774033 0.318010
0.497450 -0.829083 0.255273
0.532973 -0.808648 0.249054
0.519723 -0.769961 0.370200
0.479971 -0.877188 0.012980
0.502196 -0.818394 0.279340
0.465247 -0.794797 0.389670
0.447896 -0.798423 0.402380
0.457579 -0.819829 0.344240
0.449406 -0.842636 0.296647
0.432786 -0.846755 0.309356
0.395030 -0.865304 0.308545
0.370001 -0.837371 0.402380
0.366884 -0.849627 0.378853
0.339436 -0.886305 0.315035
0.419658 -0.839317 0.345592
0.288393 -0.884406 0.366955
0.095319 -0.934130 0.343970
0.078479 -0.902503 0.423472
0.056123 -0.954091 0.294213
0.077064 -0.924773 0.372634
0.019110 -0.936383 0.350460
0.075562 -0.944524 0.319632
-0.170606 -0.928852 0.328826
-0.246656 -0.910729 0.331260
-0.244214 -0.920498 0.305030
-0.318595 -0.899561 0.298810
-0.285728 -0.895281 0.341806
-0.312120 -0.858330 0.407247
-0.312120 -0.858330 0.407247
-0.285728 -0.895281 0.341806
-0.356928 -0.882927 0.305030
-0.384714 -0.846371 0.368307
-0.267897 -0.946568 0.179557
-0.370461 -0.889106 0.268794
-0.395030 -0.865304 0.308545
-0.376070 -0.923081 0.080584
-0.411027 -0.907685 0.084640
-0.425530 -0.902124 0.071390
-0.532973 -0.808648 0.249054
-0.572204 -0.743865 0.345322
-0.551917 -0.827875 0.100054
-0.525856 -0.848155 0.064089
-0.544954 -0.826220 0.142780
-0.544954 -0.826220 0.142780
-0.525856 -0.848155 0.064089
-0.567691 -0.787442 0.240130
-0.581964 -0.782015 0.223094
-0.545297 -0.834986 0.073824
-0.617353 -0.729599 0.294213
-0.634718 -0.758136 0.149540
-0.564526 -0.811506 0.150892
-0.646724 -0.751598 0.129800
-0.646724 -0.751598 0.129800
-0.659599 -0.730906 0.175230
-0.641033 -0.747872 0.172526
-0.664998 -0.734997 0.132504
-0.682986 -0.718011 0.134127
-0.696900 -0.713898 0.068415
-0.711217 -0.693870 0.112764
-0.746756 -0.661897 0.065170
-0.769811 -0.632956 0.082207
-0.754020 -0.651199 0.085992
-0.746756 -0.661897 0.065170
-0.746756 -0.661897 0.065170
-0.762564 -0.643943 0.061925
-0.782015 -0.581964 0.223094
-0.747264 -0.664234 0.019740
-0.822965 -0.486297 0.293672
-0.769811 -0.632956 0.082207
-0.769811 -0.632956 0.082207
-0.796286 -0.583943 0.157923
-0.824157 -0.512809 0.240400
-0.829083 -0.497450 0.255273
-0.875578 -0.391216 0.283396
-0.824157 -0.512809 0.240400
-0.846755 -0.432786 0.309356
-0.842636 -0.449406 0.296647
-0.839317 -0.419658 0.345592
-0.833803 -0.481753 0.269605
-0.833803 -0.481753 0.269605
-0.870299 -0.309440 0.383180
-0.842636 -0.449406 0.296647
-0.845805 -0.314718 0.430773
-0.902001 -0.349756 0.253110
-0.850681 -0.415889 0.321525
-0.850681 -0.415889 0.321525
-0.889106 -0.370461 0.268794
-0.861320 -0.363668 0.354786
-0.881111 -0.403842 0.246079
-0.854415 -0.398727 0.333153
-0.881111 -0.403842 0.246079
-0.867487 -0.327717 0.374256
-0.850681 -0.415889 0.321525
-0.846755 -0.432786 0.309356
-0.833803 -0.481753 0.269605
-0.854415 -0.398727 0.333153
-0.813623 -0.517760 0.264467
-0.829083 -0.497450 0.255273
-0.781276 -0.558055 0.279611
-0.802494 -0.522554 0.287994
-0.811326 -0.444297 0.379935
-0.774033 -0.547487 0.318010
-0.729599 -0.617353 0.294213
-0.716418 -0.580879 0.386425
-0.725956 -0.592228 0.349648
-0.707701 -0.612066 0.352893
-0.689125 -0.631698 0.355057
-0.644613 -0.644613 0.411033
-0.631698 -0.689125 0.355057
-0.616515 -0.693580 0.372634
-0.602697 -0.734536 0.311790
-0.592228 -0.725956 0.349648
-0.564738 -0.720528 0.402380
-0.527663 -0.742637 0.412385
-0.400180 -0.780351 0.480530
-0.363668 -0.861320 0.354786
-0.330574 -0.855604 0.398323
-0.309440 -0.870299 0.383180
-0.373021 -0.824573 0.425365
-0.274675 -0.863264 0.423472
-0.241345 -0.965379 0.098972
-0.255709 -0.865475 0.430773
-0.079809 -0.877900 0.472147
-0.058898 -0.903103 0.425365
0.019980 -0.879108 0.476203
-0.019816 -0.891729 0.452136
0.059895 -0.878464 0.474040
0.140357 -0.862192 0.486750
0.186024 -0.980855 0.057599
0.238524 -0.854710 0.461060
0.199578 -0.858184 0.472958
0.181326 -0.846190 0.501082
0.238524 -0.854710 0.461060
0.199578 -0.858184 0.472958
0.326541 -0.775535 0.540292
0.298265 -0.835142 0.462142
0.369930 -0.739859 0.561925
0.348227 -0.757906 0.551650
0.378780 -0.797431 0.469713
0.427191 -0.732328 0.530287
0.418613 -0.777423 0.469443
0.467173 -0.710915 0.525690
0.559279 -0.679124 0.475392
0.421568 -0.762837 0.490265
0.432443 -0.700146 0.568145
0.434934 -0.683468 0.586263
0.461172 -0.741886 0.486750
0.488434 -0.691948 0.531639
0.496771 -0.641662 0.584370
0.521183 -0.701593 0.485938
0.538612 -0.698201 0.471606
0.551522 -0.633229 0.542996
0.548469 -0.650037 0.525960
0.566004 -0.646861 0.511087
0.600105 -0.640112 0.479719
0.554462 -0.616069 0.559492
0.595740 -0.575197 0.560573
0.512500 -0.656000 0.554083
0.504219 -0.588255 0.632234
0.539086 -0.601288 0.589778
0.595740 -0.575197 0.560573
0.539086 -0.601288 0.589778
0.501832 -0.606381 0.616820
0.641662 -0.496771 0.584370
0.630170 -0.569185 0.528123
0.636163 -0.533556 0.557328
0.650037 -0.548469 0.525960
0.641662 -0.496771 0.584370
0.663998 -0.456499 0.592212
0.621599 -0.517999 0.587615
0.701593 -0.521183 0.485938
0.646680 -0.458935 0.609248
0.710915 -0.467173 0.525690
0.653083 -0.530630 0.540292
0.704959 -0.393948 0.589778
0.636163 -0.533556 0.557328
0.663998 -0.456499 0.592212
0.669638 -0.527593 0.522715
0.675557 -0.491314 0.549757
0.653083 -0.530630 0.540292
0.636163 -0.533556 0.557328
0.672663 -0.509593 0.536506
0.633229 -0.551522 0.542996
0.530630 -0.653083 0.540292
0.688949 -0.506580 0.518388
0.663185 -0.562702 0.493510
0.501832 -0.606381 0.616820
0.663185 -0.562702 0.493510
0.527593 -0.669638 0.522715
0.545301 -0.666479 0.508383
0.551522 -0.633229 0.542996
0.494093 -0.658790 0.567334
0.551522 -0.633229 0.542996
0.562702 -0.663185 0.493510
0.551522 -0.633229 0.542996
0.572249 -0.613124 0.544619
0.555731 -0.694664 0.456733
0.548469 -0.650037 0.525960
0.548469 -0.650037 0.525960
0.538612 -0.698201 0.471606
0.555731 -0.694664 0.456733
0.467173 -0.710915 0.525690
0.475854 -0.753436 0.453759
0.232556 -0.891463 0.388859
0.451380 -0.785009 0.424283
0.503085 -0.773977 0.384532
0.482360 -0.723540 0.493780
0.496879 -0.735380 0.460790
0.447896 -0.798423 0.402380
0.433596 -0.788356 0.436452
0.378780 -0.797431 0.469713
0.370001 -0.837371 0.402380
0.394289 -0.808293 0.437263
0.322039 -0.805097 0.498107
0.327717 -0.867487 0.374256
0.295911 -0.848280 0.439156
0.281249 -0.823658 0.492428
0.217348 -0.869392 0.443753
0.236596 -0.867518 0.437534
0.272343 -0.875388 0.399405
0.118509 -0.888818 0.442672
0.117494 -0.900787 0.418064
-0.019648 -0.903788 0.427528
-0.224849 -0.968581 0.106274
-0.224849 -0.968581 0.106274
-0.225637 -0.799986 0.555976
-0.304894 -0.792724 0.527853
-0.314718 -0.845805 0.430773
-0.341145 -0.802695 0.489183
-0.322039 -0.805097 0.498107
-0.336027 -0.830185 0.444835
-0.324327 -0.790546 0.519470
-0.479162 -0.738708 0.474040
-0.486139 -0.777822 0.398323
-0.500225 -0.720324 0.480530
-0.542016 -0.682539 0.490265
-0.542016 -0.682539 0.490265
-0.559279 -0.679124 0.475392
-0.548253 -0.724477 0.417793
-0.596530 -0.656183 0.462142
-0.620222 -0.620222 0.480260
-0.620222 -0.620222 0.480260
-0.566004 -0.646861 0.511087
-0.600105 -0.640112 0.479719
-0.659754 -0.579784 0.478096
-0.579784 -0.659754 0.478096
-0.652471 -0.612928 0.445646
-0.648616 -0.628961 0.428610
-0.652471 -0.612928 0.445646
-0.656183 -0.596530 0.462142
-0.663185 -0.562702 0.493510
-0.663185 -0.562702 0.493510
-0.650037 -0.548469 0.525960
-0.663185 -0.562702 0.493510
-0.646680 -0.458935 0.609248
-0.660603 -0.319647 0.679286
-0.653083 -0.530630 0.540292
-0.678322 -0.472770 0.562466
-0.666418 -0.437337 0.603840
-0.678322 -0.472770 0.562466
-0.672663 -0.509593 0.536506
-0.656000 -0.512500 0.554083
-0.663998 -0.456499 0.592212
-0.663998 -0.456499 0.592212
-0.638974 -0.515301 0.571120
-0.668718 -0.417949 0.614927
-0.680958 -0.453972 0.574635
-0.678445 -0.318021 0.662250
-0.678445 -0.318021 0.662250
-0.620764 -0.363896 0.694429
-0.685852 -0.415668 0.597350
-0.683468 -0.434934 0.586263
-0.668718 -0.417949 0.614927
-0.641662 -0.496771 0.584370
-0.649013 -0.439654 0.620876
-0.629019 -0.461281 0.625744
-0.592721 -0.465710 0.657112
-0.601288 -0.539086 0.589778
-0.601288 -0.539086 0.589778
-0.601288 -0.539086 0.589778
-0.557291 -0.598572 0.575446
-0.557291 -0.598572 0.575446
-0.515301 -0.638974 0.571120
-0.475422 -0.661456 0.580043
-0.437337 -0.666418 0.603840
-0.420147 -0.651229 0.631963
-0.384224 -0.619028 0.684965
-0.398346 -0.670898 0.625473
-0.350435 -0.742098 0.571390
-0.210699 -0.737448 0.641698
-0.253359 -0.717851 0.648459
-0.188816 -0.755262 0.627637
-0.020992 -0.776693 0.629529
-0.083337 -0.791705 0.605192
0.143500 -0.820000 0.554083
0.168073 -0.756328 0.632234
0.227142 -0.784672 0.576798
0.206864 -0.786084 0.582477
0.228598 -0.768921 0.597080
0.227142 -0.784672 0.576798
0.231368 -0.736171 0.636019
0.272348 -0.733245 0.623039
0.350435 -0.742098 0.571390
0.332759 -0.727911 0.599513
0.523092 -0.585863 0.618983
0.360395 -0.657190 0.661979
0.439654 -0.649013 0.620876
0.389229 -0.737486 0.551920
0.410855 -0.718996 0.560573
0.420147 -0.651229 0.631963
0.410855 -0.718996 0.560573
0.415668 -0.685852 0.597350
0.437337 -0.666418 0.603840
0.485087 -0.590541 0.644943
0.441885 -0.631265 0.637372
0.616069 -0.554462 0.559492
0.494093 -0.658790 0.567334
0.480440 -0.626661 0.613575
0.487275 -0.572019 0.659816
0.482809 -0.608759 0.629529
0.588255 -0.504219 0.632234
0.544197 -0.565128 0.620065
0.588255 -0.504219 0.632234
0.585863 -0.523092 0.618983
0.491386 -0.534115 0.687939
0.611028 -0.463539 0.641698
0.615241 -0.424304 0.664413
0.611028 -0.463539 0.641698
0.613188 -0.444033 0.653326
0.666418 -0.437337 0.603840
0.709262 -0.354631 0.609248
0.694162 -0.336563 0.636290
0.456813 -0.478566 0.749865
0.660603 -0.319647 0.679286
0.651229 -0.420147 0.631963
0.658952 -0.340104 0.670903
0.658952 -0.340104 0.670903
0.660603 -0.319647 0.679286
0.668718 -0.417949 0.614927
0.655316 -0.380506 0.652515
0.660603 -0.319647 0.679286
0.681528 -0.276871 0.677393
0.692266 -0.356622 0.627366
0.655316 -0.380506 0.652515
0.680044 -0.297519 0.670092
0.660603 -0.319647 0.679286
0.694162 -0.336563 0.636290
0.660603 -0.319647 0.679286
0.662144 -0.299033 0.687128
0.694162 -0.336563 0.636290
0.655316 -0.380506 0.652515
0.653329 -0.400428 0.642509
0.662144 -0.299033 0.687128
0.711226 -0.334695 0.618172
0.657190 -0.360395 0.661979
0.613188 -0.444033 0.653326
0.651229 -0.420147 0.631963
0.456813 -0.478566 0.749865
0.615241 -0.424304 0.664413
0.611028 -0.463539 0.641698
0.594797 -0.446098 0.668740
0.577998 -0.428147 0.694700
0.576105 -0.448081 0.683613
0.576105 -0.448081 0.683613
0.495150 -0.495150 0.713899
0.594797 -0.446098 0.668740
0.434925 -0.500164 0.748783
0.455221 -0.498576 0.737696
0.496905 -0.475300 0.726068
0.495150 -0.495150 0.713899
0.493311 -0.514759 0.701190
0.493311 -0.514759 0.701190
0.493311 -0.514759 0.701190
0.495150 -0.495150 0.713899
0.390827 -0.542815 0.743375
0.368656 -0.563827 0.739048
0.346430 -0.584601 0.733640
0.387662 -0.581493 0.715251
0.105384 -0.758768 0.642780
0.084861 -0.742532 0.664413
0.084861 -0.742532 0.664413
0.322720 -0.623926 0.711736
0.346430 -0.584601 0.733640
0.346430 -0.584601 0.733640
0.325563 -0.586013 0.742023
0.346430 -0.584601 0.733640
0.085335 -0.725349 0.683072
0.085335 -0.725349 0.683072
0.085335 -0.725349 0.683072
0.284531 -0.569063 0.771498
0.238598 -0.629030 0.739859
0.237501 -0.647731 0.723905
0.174293 -0.631811 0.755273
0.174293 -0.631811 0.755273
0.173499 -0.650620 0.739319
0.129149 -0.688796 0.713359
0.131001 -0.633172 0.762845
0.087848 -0.614938 0.783667
0.087072 -0.653043 0.752299
-0.282176 -0.607764 0.742293
-0.263145 -0.570148 0.778259
-0.262083 -0.589686 0.763926
-0.241638 -0.571144 0.784478
-0.328180 -0.546967 0.770146
-0.259823 -0.627905 0.733640
-0.303245 -0.606490 0.734992
-0.283378 -0.588555 0.757166
-0.326899 -0.566625 0.756355
-0.344941 -0.603647 0.718767
-0.325563 -0.586013 0.742023
-0.346430 -0.584601 0.733640
-0.368656 -0.563827 0.739048
-0.417216 -0.461134 0.783126
-0.434925 -0.500164 0.748783
-0.433342 -0.520010 0.736074
-0.418511 -0.440538 0.794213
-0.437874 -0.459768 0.772580
-0.453554 -0.518347 0.724986
-0.433342 -0.520010 0.736074
-0.441765 -0.397588 0.804218
-0.440538 -0.418511 0.794213
-0.461134 -0.417216 0.783126
-0.461134 -0.417216 0.783126
-0.505702 -0.351793 0.787723
-0.463644 -0.375331 0.802596
-0.458328 -0.458328 0.761493
-0.527050 -0.329406 0.783396
-0.485358 -0.352988 0.799892
-0.528207 -0.308121 0.791239
-0.529283 -0.286695 0.798540
-0.503094 -0.393726 0.769335
-0.509018 -0.287706 0.811249
-0.509018 -0.287706 0.811249
-0.487541 -0.310253 0.816117
-0.487541 -0.310253 0.816117
-0.528207 -0.308121 0.791239
-0.545670 -0.349229 0.761763
-0.545670 -0.349229 0.761763
-0.546967 -0.328180 0.770146
-0.525810 -0.350540 0.775014
-0.529283 -0.286695 0.798540
-0.546967 -0.328180 0.770146
-0.525810 -0.350540 0.775014
-0.552165 -0.220866 0.803948
-0.532021 -0.221676 0.817198
-0.467799 -0.289590 0.835046
-0.550341 -0.264164 0.792050
-0.549302 -0.285637 0.785289
-0.532021 -0.221676 0.817198
-0.465865 -0.332761 0.819903
-0.531189 -0.243462 0.811520
-0.444010 -0.355208 0.822607
-0.464791 -0.354126 0.811520
-0.466867 -0.311245 0.827745
-0.466867 -0.311245 0.827745
-0.464791 -0.354126 0.811520
-0.439242 -0.439242 0.783667
-0.421997 -0.377577 0.824229
-0.400882 -0.378611 0.834235
-0.376484 -0.442922 0.813683
-0.293511 -0.361244 0.885073
-0.333773 -0.445030 0.830990
-0.289590 -0.467799 0.835046
-0.158633 -0.407912 0.899135
-0.134099 -0.514047 0.847215
-0.199790 -0.532773 0.822336
-0.111455 -0.534982 0.837480
-0.113204 -0.430176 0.895619
-0.154606 -0.574251 0.803948
-0.133637 -0.534549 0.834505
-0.089223 -0.535336 0.839913
-0.022078 -0.596114 0.802596
0.000000 -0.535965 0.844240
-0.022078 -0.596114 0.802596
-0.022166 -0.576313 0.816928
0.000000 -0.576356 0.817198
-0.022330 -0.535926 0.843970
0.066951 -0.535611 0.841806
0.155761 -0.534036 0.830990
0.089824 -0.494031 0.864792
0.089223 -0.535336 0.839913
0.088565 -0.575670 0.812872
0.155761 -0.534036 0.830990
0.111455 -0.534982 0.837480
0.157306 -0.471917 0.867496
0.200485 -0.512351 0.835046
0.156300 -0.513558 0.843699
0.224560 -0.449119 0.864792
0.244314 -0.510839 0.824229
0.245128 -0.490256 0.836398
0.021892 -0.634869 0.772309
0.243462 -0.531189 0.811520
0.244314 -0.510839 0.824229
0.289590 -0.467799 0.835046
0.313082 -0.424896 0.849378
0.334733 -0.423995 0.841536
0.310253 -0.487541 0.816117
0.332761 -0.465865 0.819903
0.377577 -0.421997 0.824229
0.333773 -0.445030 0.830990
0.334733 -0.423995 0.841536
0.498576 -0.455221 0.737696
0.456813 -0.478566 0.749865
0.401856 -0.357205 0.843158
0.423028 -0.356234 0.833153
0.122835 0.982684 0.138724
0.419739 -0.419739 0.804759
0.418511 -0.440538 0.794213
0.420901 -0.398749 0.814765
0.527050 -0.329406 0.783396
0.464791 -0.354126 0.811520
0.381364 -0.336497 0.861006
0.423028 -0.356234 0.833153
0.423995 -0.334733 0.841536
0.360544 -0.315476 0.877772
0.382166 -0.314725 0.868848
0.360544 -0.315476 0.877772
0.380504 -0.358121 0.852623
0.507991 -0.309212 0.803948
0.507991 -0.309212 0.803948
0.507991 -0.309212 0.803948
0.573605 -0.176494 0.799892
0.551295 -0.242570 0.798269
0.589686 -0.262083 0.763926
0.593964 -0.153991 0.789616
0.572872 -0.198302 0.795295
0.572052 -0.220020 0.790157
0.551295 -0.242570 0.798269
0.611901 -0.196682 0.766090
0.572872 -0.198302 0.795295
0.591671 -0.219137 0.775825
0.591671 -0.219137 0.775825
0.593291 -0.175790 0.785560
0.611901 -0.196682 0.766090
0.572872 -0.198302 0.795295
0.532773 -0.199790 0.822336
0.572872 -0.198302 0.795295
0.551295 -0.242570 0.798269
0.510839 -0.244314 0.824229
0.570148 -0.263145 0.778259
0.591671 -0.219137 0.775825
0.590724 -0.240665 0.770146
0.572052 -0.220020 0.790157
0.507991 -0.309212 0.803948
0.509018 -0.287706 0.811249
0.550341 -0.264164 0.792050
0.490256 -0.245128 0.836398
0.403621 -0.313927 0.859383
0.359790 -0.337303 0.869930
0.360544 -0.315476 0.877772
0.360544 -0.315476 0.877772
0.360544 -0.315476 0.877772
0.402769 -0.335641 0.851541
0.380504 -0.358121 0.852623
0.360544 -0.315476 0.877772
0.423995 -0.334733 0.841536
0.358983 -0.358983 0.861547
0.379586 -0.379586 0.843699
0.379586 -0.379586 0.843699
0.382166 -0.314725 0.868848
0.292076 -0.404412 0.866685
0.270096 -0.405144 0.873445
0.000000 -0.430942 0.902380
0.269374 -0.426509 0.863440
0.269374 -0.426509 0.863440
0.270096 -0.405144 0.873445
0.250272 -0.318528 0.914278
0.248622 -0.384234 0.889129
0.205345 -0.319426 0.925095
0.205345 -0.319426 0.925095
0.182375 -0.341954 0.921850
0.160072 -0.320143 0.933748
0.068506 -0.365366 0.928340
0.137588 -0.298106 0.944565
0.068347 -0.387302 0.919416
0.091852 -0.298521 0.949973
0.000000 -0.365597 0.930773
0.000000 -0.343490 0.939156
0.022739 -0.409304 0.912115
0.022739 -0.409304 0.912115
-0.023027 -0.276321 0.960790
-0.022898 -0.343466 0.938886
0.000000 -0.298852 0.954300
-0.045786 -0.343394 0.938075
-0.137051 -0.342627 0.929421
-0.114297 -0.342891 0.932396
-0.091297 -0.365187 0.926447
-0.160072 -0.320143 0.933748
-0.114744 -0.298334 0.947539
-0.114744 -0.298334 0.947539
0.298106 -0.137588 0.944565
-0.137826 -0.275653 0.951325
-0.114943 -0.275863 0.954300
-0.161143 -0.230204 0.959708
-0.183412 -0.275118 0.943753
-0.206424 -0.252296 0.945376
-0.205345 -0.319426 0.925095
-0.206424 -0.252296 0.945376
-0.161143 -0.230204 0.959708
-0.206094 -0.274792 0.939156
-0.295859 -0.273101 0.915360
-0.274428 -0.228690 0.934018
-0.296777 -0.228290 0.927258
-0.363027 -0.226892 0.903732
-0.363517 -0.204478 0.908870
-0.363027 -0.226892 0.903732
-0.319807 -0.182747 0.929692
-0.320434 -0.137329 0.937263
-0.364340 -0.159399 0.917523
-0.385333 -0.204000 0.899946
-0.387111 -0.091085 0.917523
-0.342315 -0.159747 0.925906
-0.364674 -0.136753 0.921038
-0.363954 -0.181977 0.913467
-0.408609 -0.113502 0.905625
-0.430819 -0.045349 0.901298
-0.430819 -0.045349 0.901298
-0.430176 -0.113204 0.895619
-0.429439 -0.158214 0.889129
-0.385799 -0.181552 0.904543
-0.430819 -0.045349 0.901298
-0.408609 -0.113502 0.905625
-0.430819 -0.045349 0.901298
-0.452235 -0.045223 0.890752
-0.385799 -0.181552 0.904543
-0.430176 -0.113204 0.895619
-0.386865 -0.113784 0.915089
-0.387439 -0.045581 0.920768
-0.364956 -0.114049 0.924013
-0.341954 -0.182375 0.921850
-0.342315 -0.159747 0.925906
-0.320434 -0.137329 0.937263
-0.365366 -0.068506 0.928340
-0.343394 -0.045786 0.938075
-0.319807 -0.182747 0.929692
-0.184214 -0.207240 0.960790
-0.252594 -0.183705 0.949973
-0.298521 -0.091852 0.949973
-0.230410 -0.138246 0.963223
-0.206424 -0.252296 0.945376
-0.206424 -0.252296 0.945376
-0.206725 -0.229695 0.951055
-0.207797 -0.115443 0.971336
-0.183093 -0.297525 0.936993
-0.183705 -0.252594 0.949973
-0.160653 -0.275405 0.947810
-0.138246 -0.230410 0.963223
-0.092411 -0.207925 0.973770
0.069251 -0.230838 0.970525
0.069422 -0.185126 0.980260
0.138731 -0.161853 0.977015
0.092696 -0.139043 0.985938
0.092519 -0.185038 0.978367
0.092696 -0.139043 0.985938
0.092696 -0.139043 0.985938
0.092765 -0.115956 0.988913
0.092765 -0.115956 0.988913
0.092765 -0.115956 0.988913
0.161709 -0.161709 0.973499
0.161853 -0.138731 0.977015
0.092765 -0.115956 0.988913
0.161709 -0.161709 0.973499
0.115799 -0.138958 0.983505
0.138854 -0.138854 0.980530
0.161354 -0.207455 0.964846
0.253084 -0.138046 0.957545
0.207640 -0.138427 0.968361
0.252594 -0.183705 0.949973
0.252594 -0.183705 0.949973
0.252594 -0.183705 0.949973
0.252594 -0.183705 0.949973
0.298521 -0.091852 0.949973
0.253084 -0.138046 0.957545
0.253434 -0.092158 0.962953
0.253084 -0.138046 0.957545
0.275405 -0.160653 0.947810
0.253434 -0.092158 0.962953
0.275653 -0.137826 0.951325
0.275653 -0.137826 0.951325
0.253556 -0.069152 0.964846
0.253276 -0.115126 0.960519
0.275653 -0.137826 0.951325
0.275653 -0.137826 0.951325
0.253434 -0.092158 0.962953
0.343466 0.022898 0.938886
0.253434 -0.092158 0.962953
0.364956 -0.114049 0.924013
0.253434 -0.092158 0.962953
0.343466 0.022898 0.938886
0.321038 -0.068794 0.944565
0.320881 -0.091680 0.942672
0.253556 -0.069152 0.964846
0.253434 -0.092158 0.962953
0.253556 -0.069152 0.964846
0.275653 -0.137826 0.951325
0.253434 -0.092158 0.962953
0.253556 -0.069152 0.964846
0.253643 -0.046117 0.966198
0.253556 -0.069152 0.964846
0.253434 -0.092158 0.962953
0.185126 -0.069422 0.980260
0.161853 -0.138731 0.977015
0.115885 -0.115885 0.986479
0.115799 -0.138958 0.983505
0.162074 -0.092614 0.982423
0.185189 -0.046297 0.981612
0.206997 -0.206997 0.956193
0.252594 -0.183705 0.949973
0.253276 -0.115126 0.960519
0.252594 -0.183705 0.949973
0.296777 -0.228290 0.927258
0.342891 -0.114297 0.932396
0.274792 -0.206094 0.939156
0.319807 -0.182747 0.929692
0.430819 -0.045349 0.901298
0.363517 -0.204478 0.908870
0.274792 -0.206094 0.939156
0.407912 -0.158633 0.899135
0.407477 -0.181101 0.895078
0.450290 -0.180116 0.874527
0.509967 -0.266070 0.818010
0.509018 -0.287706 0.811249
0.532021 -0.221676 0.817198
0.590724 -0.240665 0.770146
0.591671 -0.219137 0.775825
0.509018 -0.287706 0.811249
0.590724 -0.240665 0.770146
0.590724 -0.240665 0.770146
0.590724 -0.240665 0.770146
0.589686 -0.262083 0.763926
0.588555 -0.283378 0.757166
0.588555 -0.283378 0.757166
0.669112 -0.172674 0.722823
0.744202 -0.330756 0.580314
0.680044 -0.297519 0.670092
0.731594 -0.292638 0.615738
0.762121 -0.308968 0.568956
0.739859 -0.369930 0.561925
0.753135 -0.386745 0.532180
0.805097 -0.322039 0.498107
0.790546 -0.324327 0.519470
0.832745 -0.317236 0.453759
0.840353 -0.351776 0.412385
0.845805 -0.314718 0.430773
0.830185 -0.336027 0.444835
0.821516 -0.391198 0.414819
0.831522 -0.453557 0.320714
0.853148 -0.445121 0.272039
0.863035 -0.440699 0.246890
0.848693 -0.461246 0.258789
0.822965 -0.486297 0.293672
0.808648 -0.532973 0.249054
0.834073 -0.507697 0.215792
0.813623 -0.517760 0.264467
0.813623 -0.517760 0.264467
0.813623 -0.517760 0.264467
0.844031 -0.477061 0.244997
0.813669 -0.542446 0.209032
0.813623 -0.517760 0.264467
0.808648 -0.532973 0.249054
0.813623 -0.517760 0.264467
0.834073 -0.507697 0.215792
0.824157 -0.512809 0.240400
0.876798 -0.420132 0.233910
0.878333 -0.456733 0.141157
0.844031 -0.477061 0.244997
0.883625 -0.441812 0.154949
0.828769 -0.522485 0.200379
0.858437 -0.456616 0.233640
0.918335 -0.342125 0.199027
0.867423 -0.424483 0.259600
-0.406229 0.900770 0.153597
-0.411010 0.893500 0.180909
-0.213678 0.961549 0.172526
-0.277548 0.954071 0.112764
-0.281200 0.949049 0.142239
-0.406229 0.900770 0.153597
-0.415643 0.885500 0.207680
-0.273779 0.958226 0.082747
-0.294722 0.921005 0.254732
-0.421550 0.895794 0.140887
-0.399569 0.889950 0.219849
-0.399569 0.889950 0.219849
-0.399569 0.889950 0.219849
-0.496969 0.851946 0.164954
-0.511301 0.846291 0.149540
-0.511301 0.846291 0.149540
-0.431426 0.880828 0.194970
-0.496969 0.851946 0.164954
-0.496969 0.851946 0.164954
-0.544954 0.826220 0.142780
-0.519064 0.853944 0.036777
-0.550917 0.817490 0.167929
-0.558324 0.820038 0.125744
-0.577705 0.805285 0.133315
-0.577705 0.805285 0.133315
-0.614462 0.785146 0.077339
-0.589980 0.786640 0.181990
-0.646724 0.751598 0.129800
-0.653270 0.741549 0.152785
-0.653270 0.741549 0.152785
-0.689936 0.689936 0.219037
-0.718011 0.682986 0.134127
-0.704182 0.704182 0.090860
-0.704182 0.704182 0.090860
-0.761028 0.639955 0.106274
-0.786640 0.589980 0.181990
-0.796286 0.583943 0.157923
-0.802307 0.570529 0.175500
-0.792468 0.576340 0.199567
-0.790031 0.596913 0.139805
-0.796286 0.583943 0.157923
-0.834261 0.538794 0.117090
-0.823243 0.536898 0.184424
-0.834986 0.545297 0.073824
-0.841583 0.532430 0.090860
-0.834247 0.550603 0.029475
-0.854704 0.512823 0.080584
-0.858913 0.512044 0.008924
-0.891114 0.445557 0.085992
-0.885214 0.459631 0.071660
-0.891114 0.445557 0.085992
-0.916816 0.370252 0.149540
-0.907276 0.401295 0.125744
-0.912988 0.396202 0.097350
-0.927386 0.349957 0.132234
-0.925402 0.338128 0.171174
-0.902140 0.416372 0.113034
-0.907685 0.411027 0.084640
-0.927386 0.349957 0.132234
-0.925402 0.338128 0.171174
-0.932378 0.355999 0.062737
-0.937229 0.340811 0.073824
-0.943198 0.284739 0.171174
-0.935765 0.317807 0.152785
-0.957658 0.261179 0.121147
-0.935765 0.317807 0.152785
-0.965379 0.241345 0.098972
-0.961929 0.257659 0.091130
-0.958226 0.273779 0.082747
-0.968581 0.224849 0.106274
-0.958226 0.273779 0.082747
-0.964104 0.227879 0.136290
-0.974246 0.191370 0.119254
-0.971536 0.208186 0.113034
-0.955766 0.247791 0.158464
-0.968581 0.224849 0.106274
-0.977773 0.124444 0.168740
-0.955316 0.216298 0.201460
-0.977773 0.124444 0.168740
-0.976715 0.174413 0.124932
-0.965475 0.127516 0.227150
-0.960035 0.181139 0.213359
-0.979243 0.106826 0.172255
-0.979243 0.106826 0.172255
-0.971987 0.176725 0.154949
-0.976075 0.141975 0.164684
-0.966857 0.109456 0.230665
-0.971987 0.176725 0.154949
-0.957786 0.198786 0.207680
-0.971536 0.208186 0.113034
-0.971536 0.208186 0.113034
-0.958773 0.230816 0.165765
-0.976715 0.174413 0.124932
-0.971536 0.208186 0.113034
-0.957658 0.261179 0.121147
-0.971536 0.208186 0.113034
-0.961549 0.213678 0.172526
-0.952625 0.233663 0.194700
-0.961001 0.244619 0.128989
-0.965379 0.241345 0.098972
-0.965379 0.241345 0.098972
-0.957658 0.261179 0.121147
-0.939598 0.301381 0.162250
-0.943198 0.284739 0.171174
-0.931695 0.334004 0.142780
-0.907276 0.401295 0.125744
-0.931695 0.334004 0.142780
-0.927386 0.349957 0.132234
-0.916816 0.370252 0.149540
-0.907685 0.411027 0.084640
-0.895794 0.421550 0.140887
-0.865445 0.476878 0.153597
-0.851946 0.496969 0.164954
-0.840398 0.525249 0.133586
-0.847922 0.519136 0.107355
-0.841583 0.532430 0.090860
-0.796286 0.583943 0.157923
-0.783538 0.609419 0.121147
-0.796286 0.583943 0.157923
-0.796286 0.583943 0.157923
-0.783538 0.609419 0.121147
-0.786640 0.589980 0.181990
-0.718011 0.682986 0.134127
-0.647139 0.737019 0.194970
-0.713572 0.677893 0.176852
-0.702019 0.684018 0.198215
-0.696900 0.713898 0.068415
-0.671555 0.724572 0.154949
-0.646597 0.762653 0.016495
-0.641033 0.747872 0.172526
-0.599789 0.799719 0.026501
-0.596913 0.790031 0.139805
-0.557716 0.828124 0.056247
-0.550603 0.834247 0.029475
-0.550917 0.817490 0.167929
-0.550603 0.834247 0.029475
-0.519136 0.847922 0.107355
-0.544954 0.826220 0.142780
-0.538794 0.834261 0.117090
-0.544954 0.826220 0.142780
-0.538794 0.834261 0.117090
-0.479532 0.873433 0.084640
-0.496969 0.851946 0.164954
-0.491342 0.859848 0.138724
-0.485532 0.867021 0.111952
-0.511301 0.846291 0.149540
-0.511301 0.846291 0.149540
-0.390944 0.917868 0.068415
-0.365651 0.922834 0.121147
-0.340811 0.937229 0.073824
-0.415643 0.885500 0.207680
-0.406229 0.900770 0.153597
-0.431426 0.880828 0.194970
-0.416372 0.902140 0.113034
-0.415643 0.885500 0.207680
-0.421550 0.895794 0.140887
-0.230816 0.958773 0.165765
-0.208186 0.971536 0.113034
-0.210975 0.966968 0.143050
-0.157330 0.978943 0.130070
-0.150696 0.987896 0.036777
-0.150696 0.987896 0.036777
-0.089135 0.980484 0.175230
-0.089135 0.980484 0.175230
-0.085588 0.992821 0.083559
-0.085588 0.992821 0.083559
-0.017648 0.988268 0.151704
0.000000 0.995913 0.090319
0.017648 0.988268 0.151704
0.017648 0.988268 0.151704
0.159406 0.974147 0.160087
0.216298 0.955316 0.201460
0.161418 0.968509 0.189562
0.193919 0.969595 0.149270
0.196390 0.964096 0.178745
0.208186 0.971536 0.113034
0.277548 0.954071 0.112764
0.301381 0.939598 0.162250
0.254026 0.965299 0.060573
0.309651 0.946155 0.094375
0.329748 0.937179 0.113845
0.379904 0.924983 0.008924
0.465565 0.879401 0.099513
0.485532 0.867021 0.111952
0.543250 0.839568 0.002163
0.551917 0.827875 0.100054
0.577705 0.805285 0.133315
0.610494 0.791992 0.006760
0.615925 0.774306 0.145214
0.689550 0.707231 0.156030
0.646597 0.762653 0.016495
0.707935 0.671631 0.218496
0.744822 0.658215 0.109519
0.758136 0.634718 0.149540
0.739230 0.672027 0.043807
0.767788 0.628190 0.126014
0.767788 0.628190 0.126014
0.806933 0.583739 0.090049
0.785324 0.618234 0.032450
0.820038 0.558324 0.125744
0.826220 0.544954 0.142780
0.820038 0.558324 0.125744
0.873433 0.479532 0.084640
0.834247 0.550603 0.029475
0.900770 0.406229 0.153597
0.848155 0.525856 0.064089
0.840398 0.525249 0.133586
0.846291 0.511301 0.149540
0.905508 0.390611 0.165765
0.918335 0.342125 0.199027
0.873433 0.479532 0.084640
0.929347 0.321697 0.181179
0.964104 0.227879 0.136290
0.914287 0.358544 0.188480
0.929145 0.291496 0.227420
0.964104 0.227879 0.136290
0.912167 0.385917 0.137912
0.961001 0.244619 0.128989
0.929145 0.291496 0.227420
0.966968 0.210975 0.143050
0.929145 0.291496 0.227420
0.929145 0.291496 0.227420
0.929145 0.291496 0.227420
0.949049 0.281200 0.142239
0.966968 0.210975 0.143050
0.969595 0.193919 0.149270
0.957658 0.261179 0.121147
0.943198 0.284739 0.171174
0.961001 0.244619 0.128989
0.936553 0.288170 0.199567
0.927386 0.349957 0.132234
0.879401 0.465565 0.099513
0.910013 0.374711 0.177393
0.847922 0.519136 0.107355
0.847922 0.519136 0.107355
0.905508 0.390611 0.165765
0.858913 0.512044 0.008924
0.854009 0.505434 0.123310
0.862559 0.467220 0.194159
0.813611 0.571259 0.108167
0.774306 0.615925 0.145214
0.741549 0.653270 0.152785
0.707935 0.671631 0.218496
0.706496 0.650720 0.278259
0.707935 0.671631 0.218496
0.665623 0.665623 0.337480
0.581964 0.782015 0.223094
0.572928 0.776224 0.263115
0.602697 0.734536 0.311790
0.581964 0.782015 0.223094
0.502196 0.818394 0.279340
0.349756 0.902001 0.253110
0.366611 0.898198 0.242564
0.445121 0.853148 0.272039
0.370461 0.889106 0.268794
0.356928 0.882927 0.305030
0.349756 0.902001 0.253110
0.280145 0.915142 0.289886
0.277223 0.924077 0.263115
0.264900 0.908228 0.323959
0.151911 0.930458 0.333423
0.170606 0.928852 0.328826
0.154841 0.909689 0.385343
0.134424 0.921762 0.363710
0.057284 0.935633 0.348296
0.017648 0.988268 0.151704
0.153398 0.920390 0.359654
-0.092368 0.960628 0.262034
-0.089135 0.980484 0.175230
-0.091323 0.968025 0.233640
-0.074776 0.953393 0.292320
-0.165262 0.954847 0.246890
-0.172281 0.918833 0.355057
-0.246656 0.910729 0.331260
-0.395030 0.865304 0.308545
-0.370461 0.889106 0.268794
-0.415643 0.885500 0.207680
-0.406229 0.900770 0.153597
-0.421550 0.895794 0.140887
-0.502418 0.843345 0.190644
-0.436557 0.890577 0.127637
-0.512809 0.824157 0.240400
-0.516983 0.837868 0.175230
-0.544954 0.826220 0.142780
-0.545297 0.834986 0.073824
-0.595823 0.776375 0.205516
-0.615925 0.774306 0.145214
-0.634718 0.758136 0.149540
-0.671631 0.707935 0.218496
-0.658750 0.713646 0.238237
-0.707231 0.689550 0.156030
-0.721178 0.686836 0.090319
-0.748603 0.620793 0.232829
-0.774306 0.615925 0.145214
-0.790031 0.596913 0.139805
-0.798075 0.562280 0.216604
-0.803467 0.547819 0.233099
-0.776375 0.595823 0.205516
-0.819020 0.527813 0.224986
-0.811506 0.564526 0.150892
-0.802307 0.570529 0.175500
-0.842636 0.449406 0.296647
-0.865445 0.476878 0.153597
-0.865445 0.476878 0.153597
-0.894182 0.383221 0.231476
-0.936553 0.288170 0.199567
-0.925402 0.338128 0.171174
-0.925402 0.338128 0.171174
-0.929347 0.321697 0.181179
-0.927386 0.349957 0.132234
-0.942865 0.253848 0.215792
-0.945692 0.236423 0.223094
-0.955316 0.216298 0.201460
-0.954847 0.165262 0.246890
-0.936360 0.187272 0.296917
-0.956606 0.147170 0.251487
-0.948302 0.218839 0.229854
-0.942865 0.253848 0.215792
-0.945692 0.236423 0.223094
-0.930458 0.151911 0.333423
-0.958155 0.128982 0.255544
-0.922879 0.226011 0.311790
-0.948302 0.218839 0.229854
-0.958155 0.128982 0.255544
-0.958155 0.128982 0.255544
-0.958155 0.128982 0.255544
-0.932055 0.223693 0.285019
-0.952878 0.183246 0.241752
-0.945692 0.236423 0.223094
-0.952878 0.183246 0.241752
-0.954847 0.165262 0.246890
-0.954847 0.165262 0.246890
-0.938007 0.239100 0.250946
-0.946887 0.167098 0.274743
-0.922879 0.226011 0.311790
-0.908982 0.315361 0.272580
-0.917724 0.312026 0.245809
-0.897893 0.267458 0.349648
-0.886305 0.339436 0.315035
-0.889489 0.321730 0.324500
-0.842636 0.449406 0.296647
-0.850681 0.415889 0.321525
-0.846755 0.432786 0.309356
-0.819829 0.457579 0.344240
-0.734632 0.560640 0.382098
-0.831522 0.453557 0.320714
-0.818394 0.502196 0.279340
-0.803658 0.478368 0.353975
-0.769961 0.519723 0.370200
-0.756857 0.567643 0.323959
-0.736804 0.626284 0.254732
-0.698303 0.641684 0.317198
-0.682865 0.682865 0.259600
-0.706496 0.650720 0.278259
-0.684502 0.646474 0.336939
-0.677345 0.695651 0.239319
-0.612236 0.742105 0.272850
-0.622299 0.716587 0.315035
-0.627079 0.703089 0.335316
-0.627079 0.703089 0.335316
-0.592228 0.725956 0.349648
-0.597769 0.747211 0.290427
-0.572928 0.776224 0.263115
-0.544954 0.826220 0.142780
-0.502418 0.843345 0.190644
-0.542805 0.786132 0.295565
-0.522554 0.802494 0.287994
-0.387280 0.885212 0.257707
-0.403842 0.881111 0.246079
-0.398727 0.854415 0.333153
-0.398727 0.854415 0.333153
-0.398727 0.854415 0.333153
-0.398727 0.854415 0.333153
-0.387280 0.885212 0.257707
-0.306675 0.881690 0.358572
-0.360350 0.872427 0.330178
-0.377810 0.868962 0.319632
-0.391216 0.875578 0.283396
-0.351776 0.840353 0.412385
-0.154841 0.909689 0.385343
-0.093382 0.952494 0.289886
-0.090246 0.974655 0.204705
-0.038208 0.936102 0.349648
-0.038578 0.925865 0.375879
0.000000 0.926229 0.376961
0.056712 0.945201 0.321525
0.077064 0.924773 0.372634
0.168878 0.938213 0.302055
0.205548 0.934307 0.291239
0.209724 0.915158 0.344240
0.228260 0.913039 0.338021
0.309440 0.870299 0.383180
0.290977 0.872932 0.391563
0.318595 0.899561 0.298810
0.363668 0.861320 0.354786
0.363668 0.861320 0.354786
0.411998 0.861451 0.296917
0.444297 0.811326 0.379935
0.519723 0.769961 0.370200
0.527196 0.790795 0.310979
0.519723 0.769961 0.370200
0.552018 0.761404 0.339913
0.540247 0.752487 0.376690
0.572928 0.776224 0.263115
0.596661 0.712143 0.369930
0.624959 0.664019 0.410492
0.616515 0.693580 0.372634
0.655862 0.693339 0.298540
0.689125 0.631698 0.355057
0.665623 0.665623 0.337480
0.752487 0.540247 0.376690
0.752127 0.582899 0.307463
0.769961 0.519723 0.370200
0.769961 0.519723 0.370200
0.773977 0.503085 0.384532
0.767706 0.472434 0.432937
0.748263 0.556401 0.361276
0.771103 0.454753 0.445646
0.767706 0.472434 0.432937
0.765770 0.536039 0.355327
0.830887 0.405782 0.380746
0.785009 0.451380 0.424283
0.794564 0.397282 0.459167
0.827462 0.354626 0.435370
0.860883 0.293483 0.415630
0.877669 0.253549 0.406706
0.819169 0.319676 0.476203
0.832745 0.317236 0.453759
0.852731 0.257802 0.454300
0.852731 0.257802 0.454300
0.854710 0.238524 0.461060
0.848280 0.295911 0.439156
0.856528 0.219112 0.467280
0.850588 0.276935 0.446998
0.856528 0.219112 0.467280
0.858184 0.199578 0.472958
0.856528 0.219112 0.467280
0.858184 0.199578 0.472958
0.863264 0.274675 0.423472
0.827530 0.242204 0.506490
0.858184 0.199578 0.472958
0.856528 0.219112 0.467280
0.850588 0.276935 0.446998
0.835142 0.298265 0.462142
0.835142 0.298265 0.462142
0.819169 0.319676 0.476203
0.816689 0.338627 0.467280
0.819169 0.319676 0.476203
0.805169 0.412404 0.426176
0.794564 0.397282 0.459167
0.879352 0.374192 0.294484
0.767706 0.472434 0.432937
0.777423 0.418613 0.469443
0.748263 0.556401 0.361276
0.760427 0.506951 0.405895
0.767706 0.472434 0.432937
0.713449 0.535087 0.452407
0.690979 0.572525 0.441320
0.690979 0.572525 0.441320
0.683156 0.605081 0.408870
0.671866 0.592823 0.444024
0.655564 0.655564 0.374797
0.643554 0.583221 0.495673
0.612928 0.652471 0.445646
0.623668 0.603550 0.496755
0.609075 0.668018 0.427528
0.544318 0.738717 0.397512
0.542016 0.682539 0.490265
0.531438 0.728267 0.432666
0.447896 0.798423 0.402380
0.444297 0.811326 0.379935
0.451380 0.785009 0.424283
0.394289 0.808293 0.437263
0.373021 0.824573 0.425365
0.353397 0.892793 0.279340
0.370461 0.889106 0.268794
0.319676 0.819169 0.476203
0.219112 0.856528 0.467280
0.219112 0.856528 0.467280
0.157597 0.886482 0.435100
0.097143 0.913145 0.395890
0.059404 0.891064 0.449973
0.141438 0.848626 0.509735
0.057838 0.925410 0.374527
0.000000 0.926229 0.376961
0.000000 0.936477 0.350730
-0.058376 0.914560 0.400216
-0.097143 0.913145 0.395890
-0.333344 0.843164 0.421850
-0.333344 0.843164 0.421850
-0.317236 0.832745 0.453759
-0.373021 0.824573 0.425365
-0.366884 0.849627 0.378853
-0.373021 0.824573 0.425365
-0.370001 0.837371 0.402380
-0.366884 0.849627 0.378853
-0.370001 0.837371 0.402380
-0.405782 0.830887 0.380746
-0.409146 0.818291 0.403732
-0.430277 0.801880 0.414548
-0.451380 0.785009 0.424283
-0.465247 0.794797 0.389670
-0.475854 0.753436 0.453759
-0.540247 0.752487 0.376690
-0.527663 0.742637 0.412385
-0.482360 0.723540 0.493780
-0.538612 0.698201 0.471606
-0.600944 0.697871 0.389670
-0.564738 0.720528 0.402380
-0.596661 0.712143 0.369930
-0.640461 0.659869 0.392915
-0.592823 0.671866 0.444024
-0.644613 0.644613 0.411033
-0.652471 0.612928 0.445646
-0.656183 0.596530 0.462142
-0.628961 0.648616 0.428610
-0.656183 0.596530 0.462142
-0.659754 0.579784 0.478096
-0.668018 0.609075 0.427528
-0.666479 0.545301 0.508383
-0.666479 0.545301 0.508383
-0.716961 0.517805 0.466739
-0.653083 0.530630 0.540292
-0.713744 0.448639 0.537858
-0.726611 0.464224 0.506490
-0.732328 0.427191 0.530287
-0.729540 0.445830 0.518659
-0.732328 0.427191 0.530287
-0.753135 0.386745 0.532180
-0.756722 0.458016 0.466468
-0.757906 0.348227 0.551650
-0.755591 0.367585 0.542185
-0.757906 0.348227 0.551650
-0.755591 0.367585 0.542185
-0.762121 0.308968 0.568956
-0.790546 0.324327 0.519470
-0.773286 0.345944 0.531368
-0.765790 0.269061 0.584100
-0.768921 0.228598 0.597080
-0.767422 0.248894 0.590860
-0.765790 0.269061 0.584100
-0.749721 0.270733 0.603840
-0.754069 0.209464 0.622499
-0.756328 0.168073 0.632234
-0.705089 0.170931 0.688210
-0.751299 0.250433 0.610600
-0.768921 0.228598 0.597080
-0.756328 0.168073 0.632234
-0.756328 0.168073 0.632234
-0.756328 0.168073 0.632234
-0.770286 0.208186 0.602758
-0.752748 0.230006 0.616820
-0.762121 0.308968 0.568956
-0.772622 0.167053 0.612493
-0.764023 0.289090 0.576798
-0.752748 0.230006 0.616820
-0.768921 0.228598 0.597080
-0.764023 0.289090 0.576798
-0.764023 0.289090 0.576798
-0.731594 0.292638 0.615738
-0.760082 0.328684 0.560573
-0.770892 0.365160 0.521904
-0.750539 0.405697 0.521633
-0.734976 0.408320 0.541374
-0.734976 0.408320 0.541374
-0.723715 0.372196 0.581125
-0.750539 0.405697 0.521633
-0.685852 0.415668 0.597350
-0.666418 0.437337 0.603840
-0.680958 0.453972 0.574635
-0.726611 0.464224 0.506490
-0.683468 0.434934 0.586263
-0.675557 0.491314 0.549757
-0.672663 0.509593 0.536506
-0.626983 0.586533 0.512710
-0.680958 0.453972 0.574635
-0.672663 0.509593 0.536506
-0.650037 0.548469 0.525960
-0.669638 0.527593 0.522715
-0.669638 0.527593 0.522715
-0.666479 0.545301 0.508383
-0.650037 0.548469 0.525960
-0.630170 0.569185 0.528123
-0.626983 0.586533 0.512710
-0.603550 0.623668 0.496755
-0.583221 0.643554 0.495673
-0.562702 0.663185 0.493510
-0.506580 0.688949 0.518388
-0.524445 0.685813 0.504597
-0.509593 0.672663 0.536506
-0.503458 0.704841 0.499730
-0.503458 0.704841 0.499730
-0.503458 0.704841 0.499730
-0.461172 0.741886 0.486750
-0.432443 0.700146 0.568145
-0.442923 0.744916 0.498918
-0.424427 0.747800 0.510546
-0.338627 0.816689 0.467280
-0.319676 0.819169 0.476203
-0.336027 0.830185 0.444835
-0.285297 0.794756 0.535695
-0.319676 0.819169 0.476203
-0.343584 0.788221 0.510546
-0.375946 0.811253 0.447810
-0.354626 0.827462 0.435370
-0.373021 0.824573 0.425365
-0.373021 0.824573 0.425365
-0.270733 0.749721 0.603840
-0.336027 0.830185 0.444835
-0.292638 0.731594 0.615738
-0.304894 0.792724 0.527853
-0.101990 0.836321 0.538670
-0.100473 0.864072 0.493240
-0.020138 0.865947 0.499730
0.000000 0.903874 0.427799
-0.020138 0.865947 0.499730
0.080444 0.864776 0.495673
0.059895 0.878464 0.474040
0.060371 0.865323 0.497566
0.058898 0.903103 0.425365
0.059895 0.878464 0.474040
0.098859 0.889734 0.445646
0.099679 0.877174 0.469713
0.183986 0.817714 0.545430
0.173907 0.908179 0.380746
0.161426 0.847485 0.505679
0.220821 0.843136 0.490265
0.224083 0.814847 0.534613
0.298265 0.835142 0.462142
0.319676 0.819169 0.476203
0.309440 0.870299 0.383180
0.293483 0.860883 0.415630
0.384177 0.768354 0.511898
0.394289 0.808293 0.437263
0.375946 0.811253 0.447810
0.366884 0.849627 0.378853
0.394289 0.808293 0.437263
0.447896 0.798423 0.402380
0.458016 0.756722 0.466468
0.447896 0.798423 0.402380
0.531438 0.728267 0.432666
0.535087 0.713449 0.452407
0.523759 0.756541 0.391563
0.523759 0.756541 0.391563
0.545301 0.666479 0.508383
0.566004 0.646861 0.511087
0.562702 0.663185 0.493510
0.562702 0.663185 0.493510
0.626983 0.586533 0.512710
0.612928 0.652471 0.445646
0.606867 0.606867 0.513250
0.603550 0.623668 0.496755
0.623668 0.603550 0.496755
0.650037 0.548469 0.525960
0.646861 0.566004 0.511087
0.675557 0.491314 0.549757
0.663185 0.562702 0.493510
0.663185 0.562702 0.493510
0.690979 0.572525 0.441320
0.707948 0.485450 0.512980
0.718996 0.410855 0.560573
0.646861 0.566004 0.511087
0.646861 0.566004 0.511087
0.646861 0.566004 0.511087
0.646861 0.566004 0.511087
0.796643 0.265548 0.542996
0.790546 0.324327 0.519470
0.799986 0.225637 0.555976
0.727911 0.332759 0.599513
0.727911 0.332759 0.599513
0.727911 0.332759 0.599513
0.762121 0.308968 0.568956
0.727911 0.332759 0.599513
0.729816 0.312778 0.607896
0.733245 0.272348 0.623039
0.755591 0.367585 0.542185
0.727911 0.332759 0.599513
0.734771 0.251921 0.629800
0.731594 0.292638 0.615738
0.748012 0.290894 0.596539
0.713066 0.314588 0.626555
0.749721 0.270733 0.603840
0.725878 0.352569 0.590590
0.688113 0.396186 0.607896
0.746173 0.310905 0.588697
0.586533 0.626983 0.512710
0.586533 0.626983 0.512710
0.672960 0.378540 0.635479
0.585863 0.523092 0.618983
0.588255 0.504219 0.632234
0.569825 0.506511 0.647107
0.585863 0.523092 0.618983
0.569825 0.506511 0.647107
0.562622 0.562622 0.605733
0.630170 0.569185 0.528123
0.525489 0.567528 0.633856
0.480440 0.626661 0.613575
0.512500 0.656000 0.554083
0.458935 0.646680 0.609248
0.343391 0.622396 0.703353
0.400428 0.653329 0.642509
0.393948 0.704959 0.589778
0.402433 0.635421 0.659005
0.362179 0.639139 0.678475
0.312778 0.729816 0.607896
0.289090 0.764023 0.576798
0.248894 0.767422 0.590860
0.187667 0.771520 0.607896
0.187667 0.771520 0.607896
0.103414 0.806632 0.581936
0.104749 0.775145 0.623039
0.062133 0.807735 0.586263
0.146356 0.773593 0.616549
0.060833 0.851660 0.520552
0.062933 0.776177 0.627366
-0.272348 0.733245 0.623039
-0.273909 0.716378 0.641698
-0.256088 0.682900 0.684154
-0.256088 0.682900 0.684154
-0.276871 0.681528 0.677393
-0.251921 0.734771 0.629800
-0.270733 0.749721 0.603840
-0.270733 0.749721 0.603840
-0.273909 0.716378 0.641698
-0.269061 0.765790 0.584100
-0.275416 0.699134 0.659816
-0.308968 0.762121 0.568956
-0.328684 0.760082 0.560573
-0.350435 0.742098 0.571390
-0.316335 0.695938 0.644673
-0.415668 0.685852 0.597350
-0.417949 0.668718 0.614927
-0.434934 0.683468 0.586263
-0.439654 0.649013 0.620876
-0.410855 0.718996 0.560573
-0.461281 0.629019 0.625744
-0.503458 0.704841 0.499730
-0.432443 0.700146 0.568145
-0.520596 0.603891 0.603569
-0.548469 0.650037 0.525960
-0.578031 0.578031 0.575987
-0.598572 0.557291 0.575446
-0.562622 0.562622 0.605733
-0.621599 0.517999 0.587615
-0.633229 0.551522 0.542996
-0.603891 0.520596 0.603569
-0.653083 0.530630 0.540292
-0.661456 0.475422 0.580043
-0.680958 0.453972 0.574635
-0.678322 0.472770 0.562466
-0.653329 0.400428 0.642509
-0.688113 0.396186 0.607896
-0.626661 0.480440 0.613575
-0.683468 0.434934 0.586263
-0.692266 0.356622 0.627366
-0.685852 0.415668 0.597350
-0.672960 0.378540 0.635479
-0.674904 0.358543 0.644943
-0.663575 0.278273 0.694429
-0.657190 0.360395 0.661979
-0.681528 0.276871 0.677393
-0.680044 0.297519 0.670092
-0.704128 0.192035 0.683613
-0.681528 0.276871 0.677393
-0.705089 0.170931 0.688210
-0.630056 0.217261 0.745538
-0.630056 0.217261 0.745538
-0.699134 0.275416 0.659816
-0.666112 0.236362 0.707409
-0.706668 0.128485 0.695782
-0.705089 0.170931 0.688210
-0.705935 0.149744 0.692266
-0.705935 0.149744 0.692266
-0.707288 0.107165 0.698756
-0.704128 0.192035 0.683613
-0.707288 0.107165 0.698756
-0.707288 0.107165 0.698756
-0.705089 0.170931 0.688210
-0.688089 0.150519 0.709843
-0.705089 0.170931 0.688210
-0.689394 0.107718 0.716333
-0.704128 0.192035 0.683613
-0.671157 0.108251 0.733369
-0.690696 0.021584 0.722823
-0.689394 0.107718 0.716333
-0.688796 0.129149 0.713359
-0.689394 0.107718 0.716333
-0.689882 0.086235 0.718767
-0.688796 0.129149 0.713359
-0.688089 0.150519 0.709843
-0.595040 0.110193 0.796106
-0.614005 0.131573 0.778259
-0.668218 0.193999 0.718226
-0.645288 0.279625 0.710925
-0.664897 0.257380 0.701190
-0.630056 0.217261 0.745538
-0.608942 0.260975 0.749054
-0.658952 0.340104 0.670903
-0.627905 0.259823 0.733640
-0.602078 0.365547 0.709843
-0.527050 0.329406 0.783396
-0.584601 0.346430 0.733640
-0.548177 0.306979 0.777988
-0.579794 0.408003 0.705246
-0.576105 0.448081 0.683613
-0.498576 0.455221 0.737696
-0.579794 0.408003 0.705246
-0.563827 0.368656 0.739048
-0.500164 0.434925 0.748783
-0.536037 0.471713 0.700108
-0.482809 0.608759 0.629529
-0.539606 0.431685 0.722823
-0.537867 0.451808 0.711736
-0.532101 0.510817 0.675230
-0.537867 0.451808 0.711736
-0.534115 0.491386 0.687939
-0.536037 0.471713 0.700108
-0.510817 0.532101 0.675230
-0.516597 0.473547 0.713359
-0.487275 0.572019 0.659816
-0.491386 0.534115 0.687939
-0.471713 0.536037 0.700108
-0.506511 0.569825 0.647107
-0.380506 0.655316 0.652515
-0.424304 0.615241 0.664413
-0.426264 0.596770 0.679827
-0.426264 0.596770 0.679827
-0.444033 0.613188 0.653326
-0.396186 0.688113 0.607896
-0.396186 0.688113 0.607896
-0.340104 0.658952 0.670903
-0.352569 0.725878 0.590590
-0.336563 0.694162 0.636290
-0.356622 0.692266 0.627366
-0.292638 0.731594 0.615738
-0.276871 0.681528 0.677393
-0.276871 0.681528 0.677393
-0.233954 0.701862 0.672796
-0.251921 0.734771 0.629800
-0.275416 0.699134 0.659816
-0.272348 0.733245 0.623039
-0.237501 0.647731 0.723905
-0.233954 0.701862 0.672796
-0.253359 0.717851 0.648459
-0.272348 0.733245 0.623039
-0.020992 0.776693 0.629529
0.000000 0.708693 0.705516
0.064712 0.690262 0.720660
0.064712 0.690262 0.720660
0.085335 0.725349 0.683072
-0.272348 0.733245 0.623039
0.149744 0.705935 0.692266
0.170931 0.705089 0.688210
0.170931 0.705089 0.688210
0.193035 0.686346 0.701190
0.318021 0.678445 0.662250
0.322720 0.623926 0.711736
0.324170 0.605117 0.727150
0.341779 0.640836 0.687399
0.324170 0.605117 0.727150
0.324170 0.605117 0.727150
0.324170 0.605117 0.727150
0.324170 0.605117 0.727150
0.322720 0.623926 0.711736
0.322720 0.623926 0.711736
0.387662 0.581493 0.715251
0.389278 0.562290 0.729584
0.414423 0.501670 0.759329
-0.068794 0.321038 0.944565
0.412923 0.521587 0.746620
0.322720 0.623926 0.711736
0.473547 0.516597 0.713359
0.532101 0.510817 0.675230
0.467795 0.574112 0.671985
0.428147 0.577998 0.694700
0.428147 0.577998 0.694700
0.451808 0.537867 0.711736
0.496905 0.475300 0.726068
0.557124 0.449985 0.697945
0.563827 0.368656 0.739048
0.581493 0.387662 0.715251
0.523079 0.392309 0.756625
0.584601 0.346430 0.733640
0.565272 0.347859 0.747972
0.586013 0.325563 0.742023
0.587331 0.304542 0.749865
0.584601 0.346430 0.733640
0.584601 0.346430 0.733640
0.588555 0.283378 0.757166
0.584601 0.346430 0.733640
0.584601 0.346430 0.733640
0.590724 0.240665 0.770146
0.590724 0.240665 0.770146
0.586013 0.325563 0.742023
0.586013 0.325563 0.742023
0.592526 0.197509 0.780963
0.592526 0.197509 0.780963
0.592526 0.197509 0.780963
0.592526 0.197509 0.780963
0.591671 0.219137 0.775825
0.589686 0.262083 0.763926
0.592526 0.197509 0.780963
0.593291 0.175790 0.785560
0.593291 0.175790 0.785560
0.612697 0.175056 0.770687
0.593964 0.153991 0.789616
0.573605 0.176494 0.799892
0.595040 0.110193 0.796106
0.594547 0.132122 0.793131
0.593964 0.153991 0.789616
0.595040 0.110193 0.796106
0.593291 0.175790 0.785560
0.594547 0.132122 0.793131
0.595443 0.088214 0.798540
0.593291 0.175790 0.785560
0.593291 0.175790 0.785560
0.594547 0.132122 0.793131
0.593291 0.175790 0.785560
0.595040 0.110193 0.796106
0.595443 0.088214 0.798540
0.595040 0.110193 0.796106
0.614005 0.131573 0.778259
0.512993 0.178432 0.839643
0.533444 0.177815 0.826933
0.532021 0.221676 0.817198
0.512993 0.178432 0.839643
0.512351 0.200485 0.835046
0.512351 0.200485 0.835046
0.449119 0.224560 0.864792
0.469451 0.245903 0.848026
0.393726 0.503094 0.769335
0.374119 0.484154 0.790968
0.382912 0.292815 0.876149
0.382166 0.314725 0.868848
0.382166 0.314725 0.868848
0.382166 0.314725 0.868848
0.360544 0.315476 0.877772
0.338763 0.316179 0.886155
0.092519 0.185038 0.978367
0.248622 0.384234 0.889129
0.022987 0.298831 0.954029
0.000000 0.343490 0.939156
-0.022898 0.343466 0.938886
-0.022944 0.321216 0.946728
0.023027 0.276321 0.960790
0.137051 0.342627 0.929421
0.068179 0.409072 0.909951
-0.045687 0.365494 0.929692
0.091085 0.387111 0.917523
-0.090369 0.451846 0.887507
-0.090369 0.451846 0.887507
-0.068347 0.387302 0.919416
-0.067402 0.494282 0.866685
-0.067402 0.494282 0.866685
-0.090103 0.473043 0.876420
-0.045223 0.452235 0.890752
-0.112556 0.472736 0.873986
-0.113784 0.386865 0.915089
-0.203491 0.406982 0.890481
-0.113502 0.408609 0.905625
-0.112556 0.472736 0.873986
-0.200485 0.512351 0.835046
-0.202952 0.428454 0.880476
-0.204478 0.363517 0.908870
-0.267806 0.468660 0.841806
-0.267806 0.468660 0.841806
-0.248622 0.384234 0.889129
-0.291292 0.425734 0.856679
-0.270777 0.383601 0.882910
-0.269374 0.426509 0.863440
-0.293511 0.361244 0.885073
-0.337303 0.359790 0.869930
-0.337303 0.359790 0.869930
-0.292815 0.382912 0.876149
-0.335641 0.402769 0.851541
-0.380504 0.358121 0.852623
-0.360544 0.315476 0.877772
-0.357205 0.401856 0.843158
-0.358983 0.358983 0.861547
-0.379586 0.379586 0.843699
-0.359790 0.337303 0.869930
-0.380504 0.358121 0.852623
-0.361244 0.293511 0.885073
-0.467799 0.289590 0.835046
-0.449119 0.224560 0.864792
-0.425734 0.291292 0.856679
-0.465865 0.332761 0.819903
-0.449738 0.202382 0.869930
-0.469451 0.245903 0.848026
-0.134099 0.514047 0.847215
-0.550341 0.264164 0.792050
-0.512993 0.178432 0.839643
-0.533444 0.177815 0.826933
-0.467799 0.289590 0.835046
-0.468660 0.267806 0.841806
-0.512351 0.200485 0.835046
-0.531189 0.243462 0.811520
-0.470822 0.201781 0.858843
-0.552950 0.199062 0.809086
-0.531189 0.243462 0.811520
-0.533444 0.177815 0.826933
-0.112556 0.472736 0.873986
-0.491013 0.223188 0.842077
-0.472361 0.134960 0.871011
-0.471404 0.179583 0.863440
-0.492309 0.179021 0.851812
-0.473043 0.090103 0.876420
-0.472736 0.112556 0.873986
-0.451199 0.135360 0.882098
-0.472736 0.112556 0.873986
-0.450290 0.180116 0.874527
-0.450290 0.180116 0.874527
0.022987 0.298831 0.954029
-0.451846 0.090369 0.887507
-0.472736 0.112556 0.873986
-0.473588 0.000000 0.880746
-0.473043 0.090103 0.876420
-0.473043 0.090103 0.876420
-0.430176 0.113204 0.895619
-0.430452 0.090621 0.898053
-0.408870 0.090860 0.908058
-0.430176 0.113204 0.895619
-0.473043 0.090103 0.876420
-0.472736 0.112556 0.873986
-0.472736 0.112556 0.873986
-0.471917 0.157306 0.867496
-0.452332 0.022617 0.891563
-0.430176 0.113204 0.895619
-0.452235 0.045223 0.890752
-0.428977 0.180622 0.885073
-0.473043 0.090103 0.876420
-0.452073 0.067811 0.889400
-0.450290 0.180116 0.874527
-0.386865 0.113784 0.915089
-0.450290 0.180116 0.874527
-0.450777 0.157772 0.878583
-0.449119 0.224560 0.864792
-0.450290 0.180116 0.874527
-0.386865 0.113784 0.915089
-0.425734 0.291292 0.856679
-0.364956 0.114049 0.924013
-0.386565 0.136435 0.912115
-0.424896 0.313082 0.849378
-0.340024 0.272019 0.900216
-0.383601 0.270777 0.882910
-0.296777 0.228290 0.927258
-0.363027 0.226892 0.903732
-0.361244 0.293511 0.885073
-0.337303 0.359790 0.869930
-0.297172 0.205734 0.932396
-0.296777 0.228290 0.927258
-0.274428 0.228690 0.934018
-0.273101 0.295859 0.915360
-0.249209 0.362486 0.898053
-0.206725 0.229695 0.951055
-0.249209 0.362486 0.898053
-0.183972 0.229965 0.955652
-0.183972 0.229965 0.955652
-0.114049 0.364956 0.924013
-0.068506 0.365366 0.928340
-0.068347 0.387302 0.919416
-0.114049 0.364956 0.924013
-0.115577 0.184924 0.975933
-0.115443 0.207797 0.971336
-0.114297 0.342891 0.932396
-0.092012 0.276035 0.956733
-0.091297 0.365187 0.926447
-0.114297 0.342891 0.932396
-0.069042 0.276168 0.958626
-0.068923 0.298665 0.951866
-0.023063 0.253695 0.967009
-0.091495 0.343107 0.934830
-0.023096 0.230965 0.972688
-0.022739 0.409304 0.912115
-0.023096 0.230965 0.972688
0.000000 0.321238 0.946998
-0.023096 0.230965 0.972688
-0.022987 0.298831 0.954029
0.069422 0.185126 0.980260
0.000000 0.276340 0.961060
0.023027 0.276321 0.960790
0.068655 0.343274 0.936723
0.068655 0.343274 0.936723
0.068506 0.365366 0.928340
0.069422 0.185126 0.980260
0.069251 0.230838 0.970525
0.092411 0.207925 0.973770
0.092696 0.139043 0.985938
0.138046 0.253084 0.957545
0.069342 0.208025 0.975663
0.161354 0.207455 0.964846
0.069342 0.208025 0.975663
0.229965 0.183972 0.955652
0.069422 0.185126 0.980260
0.069422 0.185126 0.980260
0.092519 0.185038 0.978367
0.161143 0.230204 0.959708
0.161143 0.230204 0.959708
0.092614 0.162074 0.982423
0.092614 0.162074 0.982423
0.252594 0.183705 0.949973
0.092614 0.162074 0.982423
0.092696 0.139043 0.985938
0.161974 0.115696 0.979989
0.208096 0.046244 0.977015
0.115885 0.115885 0.986479
0.162074 0.092614 0.982423
0.162074 0.092614 0.982423
0.162074 0.092614 0.982423
0.162074 0.092614 0.982423
0.185126 0.069422 0.980260
0.162239 0.023177 0.986479
0.115885 0.115885 0.986479
0.162151 0.069493 0.984316
0.162239 0.023177 0.986479
0.161974 0.115696 0.979989
0.161974 0.115696 0.979989
0.092696 0.139043 0.985938
0.139110 0.069555 0.987831
0.161974 0.115696 0.979989
0.092765 0.115956 0.988913
0.092765 0.115956 0.988913
0.092614 0.162074 0.982423
0.069422 0.185126 0.980260
0.138246 0.230410 0.963223
0.069422 0.185126 0.980260
0.139043 0.092696 0.985938
0.069422 0.185126 0.980260
0.069607 0.116011 0.990806
0.046471 0.069706 0.996485
0.000000 0.139195 0.990265
-0.023198 0.139185 0.989995
-0.023215 0.116075 0.992969
0.000000 0.092923 0.995673
0.000000 0.069725 0.997566
0.000000 0.092923 0.995673
-0.023096 0.230965 0.972688
-0.023229 0.092916 0.995403
-0.046420 0.116051 0.992158
-0.023229 0.092916 0.995403
-0.069251 0.230838 0.970525
-0.092614 0.162074 0.982423
-0.092696 0.139043 0.985938
-0.115696 0.161974 0.979989
-0.115885 0.115885 0.986479
-0.092765 0.115956 0.988913
-0.115443 0.207797 0.971336
-0.092696 0.139043 0.985938
-0.046420 0.116051 0.992158
-0.115956 0.092765 0.988913
-0.115885 0.115885 0.986479
-0.115885 0.115885 0.986479
-0.115956 0.092765 0.988913
-0.069649 0.092866 0.993240
-0.092614 0.162074 0.982423
-0.092822 0.092822 0.991347
-0.116011 0.069607 0.990806
-0.092822 0.092822 0.991347
-0.115799 0.138958 0.983505
-0.116011 0.069607 0.990806
-0.115696 0.161974 0.979989
-0.092822 0.092822 0.991347
-0.116051 0.046420 0.992158
0.046297 0.185189 0.981612
-0.116051 0.046420 0.992158
-0.115956 0.092765 0.988913
-0.116051 0.046420 0.992158
-0.115799 0.138958 0.983505
0.000000 0.116082 0.993240
-0.046471 0.069706 0.996485
-0.092822 0.092822 0.991347
-0.092897 0.046449 0.994592
-0.069649 0.092866 0.993240
-0.023254 0.000000 0.999730
0.046449 0.092897 0.994592
0.000000 0.069725 0.997566
0.000000 0.000000 1.000000
-0.023153 0.185227 0.982423
0.023253 -0.023253 0.999459
0.069706 0.046471 0.996485
-0.023248 0.046496 0.998648
-0.023254 0.000000 0.999730
-0.023240 0.069720 0.997296
0.000000 0.139195 0.990265
0.000000 0.046499 0.998918
0.069706 0.046471 0.996485
0.069682 0.069682 0.995133
0.069682 0.069682 0.995133
0.184430 0.184430 0.965387
0.161974 0.115696 0.979989
0.092897 -0.046449 0.994592
0.116051 -0.046420 0.992158
0.092923 0.000000 0.995673
0.162206 0.046345 0.985668
0.139185 -0.023198 0.989995
0.116082 0.000000 0.993240
0.092916 -0.023229 0.995403
0.139185 -0.023198 0.989995
0.092916 -0.023229 0.995403
0.092916 -0.023229 0.995403
0.092916 -0.023229 0.995403
0.069720 -0.023240 0.997296
0.069706 -0.046471 0.996485
0.069720 -0.023240 0.997296
0.069706 0.046471 0.996485
-0.023240 -0.069720 0.997296
0.069706 0.046471 0.996485
0.023248 -0.046496 0.998648
0.000000 -0.023254 0.999730
-0.023253 -0.023253 0.999459
0.000000 -0.046499 0.998918
0.069649 0.092866 0.993240
-0.023240 0.069720 0.997296
0.000000 0.092923 0.995673
-0.092866 0.069649 0.993240
-0.023248 0.046496 0.998648
-0.092866 0.069649 0.993240
-0.115885 0.115885 0.986479
-0.092614 0.162074 0.982423
-0.115696 0.161974 0.979989
-0.115956 0.092765 0.988913
-0.115799 0.138958 0.983505
-0.115696 0.161974 0.979989
0.023177 0.162239 0.986479
-0.115577 0.184924 0.975933
-0.092614 0.162074 0.982423
-0.092519 0.185038 0.978367
-0.115577 0.184924 0.975933
-0.115885 0.115885 0.986479
-0.115577 0.184924 0.975933
-0.115799 0.138958 0.983505
-0.115577 0.184924 0.975933
-0.115126 0.253276 0.960519
-0.114744 0.298334 0.947539
-0.115577 0.184924 0.975933
-0.115799 0.138958 0.983505
-0.114943 0.275863 0.954300
-0.115292 0.230585 0.966198
-0.115443 0.207797 0.971336
-0.115292 0.230585 0.966198
-0.023177 0.162239 0.986479
-0.023096 0.230965 0.972688
-0.023096 0.230965 0.972688
-0.023153 0.185227 0.982423
-0.023215 0.116075 0.992969
-0.023215 0.116075 0.992969
0.000000 0.116082 0.993240
0.000000 0.116082 0.993240
0.000000 0.116082 0.993240
0.046386 0.139157 0.989183
0.000000 0.092923 0.995673
0.023229 0.092916 0.995403
0.000000 0.139195 0.990265
0.000000 0.116082 0.993240
0.000000 0.116082 0.993240
0.092822 0.092822 0.991347
0.000000 0.116082 0.993240
0.069607 0.116011 0.990806
0.069422 0.185126 0.980260
-0.023229 0.092916 0.995403
0.092765 0.115956 0.988913
0.046471 0.069706 0.996485
0.069649 0.092866 0.993240
-0.023153 0.185227 0.982423
-0.023240 0.069720 0.997296
-0.023153 0.185227 0.982423
-0.023240 0.069720 0.997296
-0.023027 0.276321 0.960790
-0.023096 0.230965 0.972688
-0.023229 0.092916 0.995403
-0.114744 0.298334 0.947539
-0.069042 0.276168 0.958626
-0.114744 0.298334 0.947539
