0.776567 -0.595368 0.206111
0.796182 -0.603168 0.047778
0.729536 -0.680900 0.064444
0.650113 -0.728126 0.217222
0.702762 -0.676734 0.219444
0.650113 -0.728126 0.217222
0.729536 -0.680900 0.064444
0.658222 -0.710880 0.247778
0.665943 -0.692581 0.277222
0.659243 -0.735309 0.157222
0.632669 -0.759203 0.152778
0.675833 -0.725895 0.127778
0.567380 -0.799490 0.197222
0.561699 -0.775679 0.287778
0.568563 -0.758084 0.319444
0.567380 -0.799490 0.197222
0.575354 -0.784573 0.231111
0.622968 -0.752753 0.212778
0.510501 -0.806053 0.299444
0.510501 -0.806053 0.299444
0.496784 -0.836690 0.230556
0.481144 -0.828638 0.286111
0.489441 -0.850082 0.194444
0.438430 -0.876860 0.197222
0.438430 -0.876860 0.197222
0.398434 -0.876556 0.270000
0.392552 -0.889785 0.232778
0.368768 -0.895580 0.248889
0.386401 -0.901602 0.194444
0.294540 -0.910397 0.290556
0.298758 -0.896273 0.327778
0.239479 -0.931306 0.274444
0.264983 -0.927441 0.263889
0.239479 -0.931306 0.274444
0.314890 -0.918428 0.239444
0.161211 -0.940396 0.299444
0.132608 -0.954777 0.266111
0.138499 -0.914096 0.381111
0.081069 -0.945808 0.314444
0.132608 -0.954777 0.266111
0.107932 -0.944408 0.310556
0.107932 -0.944408 0.310556
0.055633 -0.917949 0.392778
0.052435 -0.970039 0.237222
-0.163571 -0.926904 0.337778
-0.190317 -0.924398 0.330556
-0.216823 -0.921499 0.322222
-0.374223 -0.882098 0.286111
-0.398434 -0.876556 0.270000
-0.414578 -0.829156 0.375000
-0.451658 -0.850179 0.270556
-0.496784 -0.836690 0.230556
-0.424182 -0.791807 0.439444
-0.496784 -0.836690 0.230556
-0.496784 -0.836690 0.230556
-0.496784 -0.836690 0.230556
-0.474765 -0.781966 0.403889
-0.525756 -0.814922 0.243889
-0.603403 -0.760813 0.238889
-0.568862 -0.816194 0.101111
-0.575354 -0.784573 0.231111
-0.638749 -0.718592 0.275000
-0.685255 -0.710635 0.159444
-0.676734 -0.702762 0.219444
-0.646082 -0.699922 0.304444
-0.741756 -0.669973 0.030556
-0.705586 -0.705586 0.065556
-0.741756 -0.669973 0.030556
-0.752672 -0.655553 0.061111
-0.752672 -0.655553 0.061111
-0.752753 -0.622968 0.212778
-0.752753 -0.622968 0.212778
-0.807427 -0.546966 0.221111
-0.776567 -0.595368 0.206111
-0.814922 -0.525756 0.243889
-0.828638 -0.481144 0.286111
-0.862087 -0.481754 0.157222
-0.857365 -0.467654 0.215000
-0.857365 -0.467654 0.215000
-0.850179 -0.451658 0.270556
-0.870592 -0.422105 0.252778
-0.869710 -0.460435 0.177778
-0.895078 -0.409179 0.177222
-0.900943 -0.344478 0.263889
-0.895078 -0.409179 0.177222
-0.895078 -0.409179 0.177222
-0.876556 -0.398434 0.270000
-0.901602 -0.386401 0.194444
-0.907662 -0.363065 0.210556
-0.924121 -0.333710 0.186111
-0.867293 -0.379441 0.322222
-0.918428 -0.314890 0.239444
-0.887227 -0.349514 0.301111
-0.887227 -0.349514 0.301111
-0.900943 -0.344478 0.263889
-0.867802 -0.279936 0.410556
-0.900943 -0.344478 0.263889
-0.887227 -0.349514 0.301111
-0.905879 -0.319722 0.277778
-0.913268 -0.339214 0.225556
-0.891950 -0.324345 0.315000
-0.882098 -0.374223 0.286111
-0.924121 -0.333710 0.186111
-0.876556 -0.398434 0.270000
-0.900202 -0.272789 0.339444
-0.883548 -0.415787 0.215556
-0.888081 -0.431354 0.158889
-0.891950 -0.324345 0.315000
-0.888081 -0.431354 0.158889
-0.818366 -0.463740 0.339444
-0.834878 -0.457836 0.305556
-0.850179 -0.451658 0.270556
-0.828638 -0.481144 0.286111
-0.782509 -0.539662 0.310556
-0.806053 -0.510501 0.299444
-0.782509 -0.539662 0.310556
-0.775679 -0.561699 0.287778
-0.719762 -0.581347 0.379444
-0.719762 -0.581347 0.379444
-0.710880 -0.658222 0.247778
-0.615981 -0.671979 0.411111
-0.621654 -0.649910 0.437222
-0.587287 -0.699151 0.407778
-0.592938 -0.677643 0.435000
-0.597140 -0.732854 0.326111
-0.598308 -0.655289 0.461111
-0.459135 -0.746094 0.482222
-0.428661 -0.771589 0.470000
-0.514879 -0.715109 0.472778
-0.484805 -0.741466 0.463889
-0.451658 -0.850179 0.270556
-0.419490 -0.811015 0.407778
-0.432933 -0.750416 0.499444
-0.367554 -0.819927 0.438889
-0.283279 -0.849837 0.444444
-0.230726 -0.836382 0.497222
-0.222755 -0.891020 0.395556
-0.192961 -0.909673 0.367778
0.028862 -0.865865 0.499444
0.028191 -0.902124 0.430556
0.056350 -0.901598 0.428889
0.086458 -0.864581 0.495000
0.056350 -0.901598 0.428889
0.028191 -0.902124 0.430556
0.028191 -0.902124 0.430556
0.113812 -0.882040 0.457222
0.167995 -0.895972 0.411111
0.172047 -0.860233 0.480000
0.258747 -0.833740 0.487778
0.230726 -0.836382 0.497222
0.384430 -0.851238 0.357222
0.409437 -0.846170 0.341111
0.389200 -0.834000 0.391111
0.398113 -0.796226 0.455556
0.398113 -0.796226 0.455556
0.516899 -0.788951 0.332222
0.499199 -0.776532 0.384444
0.398113 -0.796226 0.455556
0.428661 -0.771589 0.470000
0.444711 -0.806039 0.390556
0.539662 -0.782509 0.310556
0.509902 -0.736525 0.444444
0.523006 -0.770746 0.363889
0.563827 -0.704784 0.430556
0.587287 -0.699151 0.407778
0.644233 -0.644233 0.412222
0.653061 -0.680272 0.332778
0.603733 -0.713503 0.355556
0.615981 -0.671979 0.411111
0.610010 -0.693193 0.383889
0.587287 -0.699151 0.407778
0.644233 -0.644233 0.412222
0.653061 -0.680272 0.332778
0.598308 -0.655289 0.461111
0.598308 -0.655289 0.461111
0.598308 -0.655289 0.461111
0.598308 -0.655289 0.461111
0.598308 -0.655289 0.461111
0.699151 -0.587287 0.407778
0.677643 -0.592938 0.435000
0.699151 -0.587287 0.407778
0.739425 -0.575109 0.350000
0.710101 -0.539677 0.452222
0.736525 -0.509902 0.444444
0.715109 -0.514879 0.472778
0.781966 -0.474765 0.403889
0.746094 -0.459135 0.482222
0.762201 -0.479904 0.434444
0.746094 -0.459135 0.482222
0.750416 -0.432933 0.499444
0.819927 -0.367554 0.438889
0.823875 -0.340914 0.452778
0.838484 -0.363343 0.406111
0.827490 -0.313876 0.465556
0.796226 -0.398113 0.455556
0.815642 -0.393758 0.423889
0.860250 -0.333000 0.386111
0.779711 -0.375417 0.501111
0.815642 -0.393758 0.423889
0.775806 -0.402270 0.486111
0.834000 -0.389200 0.391111
0.856291 -0.428146 0.288889
0.851238 -0.384430 0.357222
0.851238 -0.384430 0.357222
0.842615 -0.337046 0.420000
0.823875 -0.340914 0.452778
0.823875 -0.340914 0.452778
0.762201 -0.479904 0.434444
0.754437 -0.406235 0.515556
0.758161 -0.379081 0.530556
0.741466 -0.484805 0.463889
0.724223 -0.463503 0.510556
0.728339 -0.437004 0.527778
0.719814 -0.489474 0.492222
0.710101 -0.539677 0.452222
0.728339 -0.437004 0.527778
0.710101 -0.539677 0.452222
0.645815 -0.528394 0.551111
0.645815 -0.528394 0.551111
0.617121 -0.558348 0.554444
0.636964 -0.579058 0.508889
0.715109 -0.514879 0.472778
0.636964 -0.579058 0.508889
0.617121 -0.558348 0.554444
0.665181 -0.549498 0.505556
0.528394 -0.645815 0.551111
0.528394 -0.645815 0.551111
0.528394 -0.645815 0.551111
0.493918 -0.697296 0.519444
0.502157 -0.649850 0.570556
0.502157 -0.649850 0.570556
0.524118 -0.669707 0.526111
0.528394 -0.645815 0.551111
0.498144 -0.673960 0.545556
0.493918 -0.697296 0.519444
0.467660 -0.701490 0.537778
0.471614 -0.677945 0.563889
0.655289 -0.598308 0.461111
0.608235 -0.608235 0.510000
0.406235 -0.754437 0.515556
0.410015 -0.732170 0.543889
0.286475 -0.830777 0.477222
0.313876 -0.827490 0.465556
0.264102 -0.792307 0.550000
0.627037 -0.627037 0.462222
0.177482 -0.798671 0.575000
0.179134 -0.776246 0.604444
0.632138 -0.603405 0.486111
0.204564 -0.818258 0.537222
0.149562 -0.777723 0.610556
0.089163 -0.802465 0.590000
0.058920 -0.824885 0.562222
0.059494 -0.803166 0.592778
0.058320 -0.845642 0.530556
0.116386 -0.843798 0.523889
0.058320 -0.845642 0.530556
0.029176 -0.846102 0.532222
0.029176 -0.846102 0.532222
-0.300411 -0.720987 0.624444
-0.268980 -0.747165 0.607778
-0.305101 -0.671221 0.675556
-0.275454 -0.673332 0.686111
-0.273404 -0.698700 0.661111
-0.420288 -0.660453 0.622222
-0.451387 -0.631941 0.630000
-0.389063 -0.688342 0.612222
-0.509563 -0.599485 0.617222
-0.451387 -0.631941 0.630000
-0.509563 -0.599485 0.617222
-0.457499 -0.579499 0.674444
-0.558348 -0.617121 0.554444
-0.543323 -0.543323 0.640000
-0.599485 -0.509563 0.617222
-0.621188 -0.532447 0.575000
-0.576511 -0.485483 0.657222
-0.628594 -0.478929 0.612778
-0.635057 -0.423371 0.646111
-0.653632 -0.475369 0.588889
-0.608986 -0.426290 0.668889
-0.663499 -0.392068 0.637222
-0.637944 -0.394918 0.661111
-0.660453 -0.420288 0.622222
-0.663499 -0.392068 0.637222
-0.663499 -0.392068 0.637222
-0.666307 -0.363440 0.651111
-0.561694 -0.343257 0.752778
-0.698700 -0.273404 0.661111
-0.671221 -0.305101 0.675556
-0.694011 -0.331918 0.638889
-0.645263 -0.307268 0.699444
-0.720987 -0.300411 0.624444
-0.698700 -0.273404 0.661111
-0.700684 -0.243716 0.670556
-0.651978 -0.186279 0.735000
-0.650619 -0.216873 0.727778
-0.702429 -0.213783 0.678889
-0.679516 -0.154435 0.717222
-0.680505 -0.123728 0.722222
-0.679516 -0.154435 0.717222
-0.707063 -0.092226 0.701111
-0.707063 -0.092226 0.701111
-0.756403 -0.090768 0.647778
-0.756403 -0.090768 0.647778
-0.756403 -0.090768 0.647778
-0.756403 -0.090768 0.647778
-0.756403 -0.090768 0.647778
-0.653125 -0.155506 0.741111
-0.732120 -0.091515 0.675000
-0.706254 -0.122827 0.697222
-0.651978 -0.186279 0.735000
-0.676873 -0.215369 0.703889
-0.703938 -0.183636 0.686111
-0.707063 -0.092226 0.701111
-0.706254 -0.122827 0.697222
-0.678306 -0.184992 0.711111
-0.700684 -0.243716 0.670556
-0.698700 -0.273404 0.661111
-0.700684 -0.243716 0.670556
-0.675216 -0.245533 0.695556
-0.703938 -0.183636 0.686111
-0.698700 -0.273404 0.661111
-0.651978 -0.186279 0.735000
-0.671221 -0.305101 0.675556
-0.509078 -0.254539 0.822222
-0.593181 -0.280980 0.754444
-0.587234 -0.370885 0.719444
-0.557405 -0.402570 0.726111
-0.563560 -0.313089 0.764444
-0.584858 -0.400166 0.705556
-0.471846 -0.408933 0.781111
-0.475365 -0.348601 0.807778
-0.469855 -0.438532 0.766111
-0.529395 -0.404831 0.745556
-0.434095 -0.527115 0.730556
-0.408933 -0.471846 0.781111
-0.465400 -0.496427 0.732778
-0.431649 -0.554977 0.711111
-0.429049 -0.582280 0.690556
-0.341239 -0.589412 0.732222
-0.346937 -0.504635 0.790556
0.061984 -0.681820 0.728889
0.000000 -0.682258 0.731111
-0.061984 -0.681820 0.728889
0.030782 -0.707986 0.705556
0.060563 -0.757040 0.650556
0.092901 -0.681272 0.726111
0.092226 -0.707063 0.701111
0.061984 -0.681820 0.728889
0.061534 -0.707640 0.703889
0.155506 -0.653125 0.741111
0.187498 -0.624994 0.757778
0.215369 -0.676873 0.703889
0.155506 -0.653125 0.741111
0.186279 -0.651978 0.735000
0.215369 -0.676873 0.703889
0.334440 -0.668881 0.663889
0.389063 -0.688342 0.612222
0.429049 -0.582280 0.690556
0.397616 -0.611717 0.683889
0.400166 -0.584858 0.705556
0.394918 -0.637944 0.661111
0.394918 -0.637944 0.661111
0.400166 -0.584858 0.705556
0.566274 -0.566274 0.598889
0.512965 -0.573313 0.638889
0.519187 -0.519187 0.678889
0.516172 -0.546535 0.659444
0.516172 -0.546535 0.659444
0.457499 -0.579499 0.674444
0.599485 -0.509563 0.617222
0.549545 -0.488485 0.677778
0.516172 -0.546535 0.659444
0.657165 -0.448067 0.606111
0.579499 -0.457499 0.674444
0.635057 -0.423371 0.646111
0.657165 -0.448067 0.606111
0.635057 -0.423371 0.646111
0.631941 -0.451387 0.630000
0.554977 -0.431649 0.711111
0.643044 -0.336833 0.687778
0.631941 -0.451387 0.630000
0.637944 -0.394918 0.661111
0.694011 -0.331918 0.638889
0.666307 -0.363440 0.651111
0.647263 -0.277399 0.710000
0.645263 -0.307268 0.699444
0.668881 -0.334440 0.663889
0.640605 -0.366060 0.675000
0.649048 -0.247257 0.719444
0.649048 -0.247257 0.719444
0.676873 -0.215369 0.703889
0.723326 -0.271247 0.635000
0.718393 -0.329264 0.612778
0.678306 -0.184992 0.711111
0.725412 -0.241804 0.644444
0.678306 -0.184992 0.711111
0.678306 -0.184992 0.711111
0.650619 -0.216873 0.727778
0.651978 -0.186279 0.735000
0.650619 -0.216873 0.727778
0.698700 -0.273404 0.661111
0.679516 -0.154435 0.717222
0.700684 -0.243716 0.670556
0.675216 -0.245533 0.695556
0.650619 -0.216873 0.727778
0.800219 -0.148189 0.581111
0.650619 -0.216873 0.727778
0.649048 -0.247257 0.719444
0.647263 -0.277399 0.710000
0.678306 -0.184992 0.711111
0.720987 -0.300411 0.624444
0.675216 -0.245533 0.695556
0.649048 -0.247257 0.719444
0.649048 -0.247257 0.719444
0.533423 -0.345156 0.772222
0.533423 -0.345156 0.772222
0.533423 -0.345156 0.772222
0.649048 -0.247257 0.719444
0.663499 -0.392068 0.637222
0.668881 -0.334440 0.663889
0.611717 -0.397616 0.683889
0.668881 -0.334440 0.663889
0.527115 -0.434095 0.730556
0.614234 -0.368541 0.697778
0.587234 -0.370885 0.719444
0.524656 -0.462931 0.714444
0.531497 -0.375174 0.759444
0.685132 -0.417037 0.597222
0.469855 -0.438532 0.766111
0.549545 -0.488485 0.677778
0.527115 -0.434095 0.730556
0.546535 -0.516172 0.659444
0.524656 -0.462931 0.714444
0.462931 -0.524656 0.714444
0.529395 -0.404831 0.745556
0.440527 -0.440527 0.782222
0.522014 -0.491307 0.697222
0.434095 -0.527115 0.730556
0.404831 -0.529395 0.745556
0.408933 -0.471846 0.781111
0.408933 -0.471846 0.781111
0.438532 -0.469855 0.766111
0.438532 -0.469855 0.766111
0.408933 -0.471846 0.781111
0.431649 -0.554977 0.711111
0.406952 -0.500863 0.763889
0.309320 -0.618640 0.722222
0.284165 -0.536757 0.794444
0.462931 -0.524656 0.714444
0.190759 -0.540483 0.819444
0.218298 -0.623709 0.750556
0.189737 -0.569210 0.800000
0.222110 -0.539409 0.812222
0.216873 -0.650619 0.727778
0.155506 -0.653125 0.741111
0.124583 -0.654062 0.746111
0.251887 -0.566745 0.784444
0.063557 -0.572014 0.817778
0.095263 -0.571577 0.815000
0.124583 -0.654062 0.746111
0.031793 -0.572276 0.819444
0.062410 -0.655310 0.752778
0.031963 -0.543363 0.838889
0.031220 -0.655621 0.754444
-0.313089 -0.563560 0.764444
-0.346937 -0.504635 0.790556
-0.348601 -0.475365 0.807778
-0.345156 -0.533423 0.772222
-0.314809 -0.535176 0.783889
-0.320638 -0.416829 0.850556
-0.348601 -0.475365 0.807778
-0.442377 -0.410779 0.797222
-0.440527 -0.440527 0.782222
-0.382216 -0.414067 0.826111
-0.351588 -0.415513 0.838889
-0.473682 -0.378946 0.795000
-0.447070 -0.319336 0.835556
-0.447070 -0.319336 0.835556
-0.444083 -0.380643 0.811111
-0.475365 -0.348601 0.807778
-0.475365 -0.348601 0.807778
-0.447070 -0.319336 0.835556
-0.476897 -0.317931 0.819444
-0.476897 -0.317931 0.819444
-0.478278 -0.286967 0.830000
-0.536757 -0.284165 0.794444
-0.533423 -0.345156 0.772222
-0.535176 -0.314809 0.783889
-0.568067 -0.220915 0.792778
-0.535176 -0.314809 0.783889
-0.535176 -0.314809 0.783889
-0.570964 -0.126881 0.811111
-0.389872 -0.194936 0.900000
-0.480596 -0.224278 0.847778
-0.512096 -0.160030 0.843889
-0.541390 -0.159232 0.825556
-0.539409 -0.222110 0.812222
-0.541390 -0.159232 0.825556
-0.570175 -0.158382 0.806111
-0.571577 -0.095263 0.815000
-0.541390 -0.159232 0.825556
-0.543117 -0.063896 0.837222
-0.513329 -0.096249 0.852778
-0.570175 -0.158382 0.806111
-0.541390 -0.159232 0.825556
-0.482974 -0.128793 0.866111
-0.541390 -0.159232 0.825556
-0.512096 -0.160030 0.843889
-0.541390 -0.159232 0.825556
-0.541390 -0.159232 0.825556
-0.512096 -0.160030 0.843889
-0.512096 -0.160030 0.843889
-0.541390 -0.159232 0.825556
-0.541390 -0.159232 0.825556
-0.481534 -0.192614 0.855000
-0.540483 -0.190759 0.819444
-0.451379 -0.193448 0.871111
-0.511246 -0.191717 0.837778
-0.480596 -0.224278 0.847778
-0.480596 -0.224278 0.847778
-0.420008 -0.226158 0.878889
-0.480596 -0.224278 0.847778
-0.480596 -0.224278 0.847778
-0.479511 -0.255739 0.839444
-0.450507 -0.225254 0.863889
-0.357905 -0.227757 0.905556
-0.357905 -0.227757 0.905556
-0.325652 -0.260522 0.908889
-0.356231 -0.291462 0.887778
-0.320638 -0.416829 0.850556
-0.289396 -0.418016 0.861111
-0.289396 -0.418016 0.861111
-0.289396 -0.418016 0.861111
-0.226993 -0.389130 0.892778
-0.194936 -0.389872 0.900000
-0.195590 -0.358582 0.912778
-0.097496 -0.422485 0.901111
-0.065045 -0.422793 0.903889
-0.097852 -0.391408 0.915000
-0.032655 -0.391862 0.919444
0.065282 -0.391691 0.917778
0.065282 -0.391691 0.917778
0.480596 -0.224278 0.847778
0.065282 -0.391691 0.917778
0.097496 -0.422485 0.901111
0.065282 -0.391691 0.917778
0.097496 -0.422485 0.901111
0.258848 -0.388273 0.884444
0.162114 -0.421496 0.892222
0.065045 -0.422793 0.903889
0.097852 -0.391408 0.915000
0.097496 -0.422485 0.901111
0.163252 -0.359155 0.918889
0.259724 -0.357121 0.897222
0.193448 -0.451379 0.871111
0.162114 -0.421496 0.892222
0.195590 -0.358582 0.912778
0.194222 -0.420815 0.886111
0.226158 -0.420008 0.878889
0.289396 -0.418016 0.861111
0.289396 -0.418016 0.861111
0.290474 -0.387298 0.875000
0.447070 -0.319336 0.835556
0.445647 -0.350151 0.823889
0.323942 -0.323942 0.888889
0.445647 -0.350151 0.823889
0.418016 -0.289396 0.861111
0.324846 -0.292361 0.899444
0.476897 -0.317931 0.819444
0.418016 -0.289396 0.861111
0.354128 -0.354128 0.865556
0.478278 -0.286967 0.830000
0.448354 -0.288227 0.846111
0.507757 -0.285613 0.812778
0.449499 -0.256857 0.855556
0.449499 -0.256857 0.855556
0.420815 -0.194222 0.886111
0.418016 -0.289396 0.861111
0.541390 -0.159232 0.825556
0.541390 -0.159232 0.825556
0.419076 -0.257893 0.870556
0.450507 -0.225254 0.863889
0.540483 -0.190759 0.819444
0.599254 -0.126159 0.790556
0.510241 -0.223230 0.830556
0.541390 -0.159232 0.825556
0.570175 -0.158382 0.806111
0.542706 -0.095772 0.834444
0.450507 -0.225254 0.863889
0.542706 -0.095772 0.834444
0.542131 -0.127560 0.830556
0.571577 -0.095263 0.815000
0.512790 -0.128197 0.848889
0.570964 -0.126881 0.811111
0.512790 -0.128197 0.848889
0.570175 -0.158382 0.806111
0.570175 -0.158382 0.806111
0.543117 -0.063896 0.837222
0.453185 -0.097111 0.886111
0.542706 -0.095772 0.834444
0.541390 -0.159232 0.825556
0.542706 -0.095772 0.834444
0.570175 -0.158382 0.806111
0.570175 -0.158382 0.806111
0.570175 -0.158382 0.806111
0.570175 -0.158382 0.806111
0.453185 -0.097111 0.886111
0.453185 -0.097111 0.886111
0.598417 -0.157478 0.785556
0.482327 -0.160776 0.861111
0.358582 -0.195590 0.912778
0.325652 -0.260522 0.908889
0.421496 -0.162114 0.892222
0.419076 -0.257893 0.870556
0.420815 -0.194222 0.886111
0.358582 -0.195590 0.912778
0.452116 -0.161470 0.877222
0.358582 -0.195590 0.912778
0.326362 -0.228454 0.917222
0.295085 -0.196723 0.935000
0.358582 -0.195590 0.912778
0.295085 -0.196723 0.935000
0.326976 -0.196186 0.924444
0.295085 -0.196723 0.935000
0.327495 -0.163748 0.930556
0.358582 -0.195590 0.912778
0.197203 -0.262937 0.944444
0.229642 -0.262448 0.937222
0.066174 -0.231609 0.970556
0.066034 -0.264136 0.962222
0.066034 -0.264136 0.962222
0.065875 -0.296437 0.952778
0.033031 -0.264248 0.963889
0.033031 -0.264248 0.963889
0.066295 -0.198886 0.977778
0.422793 -0.065045 0.903889
0.066398 -0.165994 0.983889
-0.066295 -0.198886 0.977778
-0.066546 -0.099819 0.992778
-0.066546 -0.099819 0.992778
-0.132572 -0.165715 0.977222
-0.066593 -0.066593 0.995556
-0.165505 -0.165505 0.972222
-0.165505 -0.165505 0.972222
-0.099373 -0.198746 0.975000
-0.165505 -0.165505 0.972222
-0.165505 -0.165505 0.972222
-0.198550 -0.132367 0.971111
-0.198550 -0.132367 0.971111
-0.231446 -0.099191 0.967778
-0.231446 -0.099191 0.967778
-0.231217 -0.132124 0.963889
-0.231217 -0.132124 0.963889
-0.231217 -0.132124 0.963889
-0.231217 -0.132124 0.963889
-0.231217 -0.132124 0.963889
-0.230923 -0.164945 0.958889
-0.230923 -0.164945 0.958889
-0.230923 -0.164945 0.958889
-0.230923 -0.164945 0.958889
-0.230923 -0.164945 0.958889
-0.198746 -0.099373 0.975000
-0.166087 0.000000 0.986111
-0.066593 -0.066593 0.995556
-0.198746 -0.099373 0.975000
-0.231446 -0.099191 0.967778
-0.231740 0.000000 0.972778
-0.231740 0.000000 0.972778
-0.231707 -0.033101 0.972222
-0.231446 -0.099191 0.967778
-0.198746 -0.099373 0.975000
-0.231740 0.000000 0.972778
-0.231609 -0.066174 0.970556
-0.231707 -0.033101 0.972222
-0.133018 -0.033255 0.990556
-0.165878 -0.099527 0.981111
-0.099819 -0.066546 0.992778
-0.099819 -0.066546 0.992778
0.359622 -0.130772 0.923889
0.296437 -0.065875 0.952778
0.296564 -0.032952 0.954444
0.296437 -0.065875 0.952778
0.328248 -0.098474 0.939444
0.360245 -0.065499 0.930556
0.198746 -0.099373 0.975000
0.296437 -0.065875 0.952778
0.296437 -0.065875 0.952778
0.296437 -0.065875 0.952778
0.296437 -0.065875 0.952778
0.296437 -0.065875 0.952778
0.296564 -0.032952 0.954444
0.296564 -0.032952 0.954444
0.391862 -0.032655 0.919444
0.296564 0.032952 0.954444
0.296564 -0.032952 0.954444
0.296564 -0.032952 0.954444
0.296564 -0.032952 0.954444
0.231707 0.033101 0.972222
0.231740 0.000000 0.972778
0.231740 0.000000 0.972778
0.231740 0.000000 0.972778
0.296437 -0.065875 0.952778
0.231740 0.000000 0.972778
0.198997 0.000000 0.980000
0.328671 0.000000 0.944444
0.231707 -0.033101 0.972222
0.231609 0.066174 0.970556
0.198997 0.000000 0.980000
0.198997 0.000000 0.980000
0.198997 0.000000 0.980000
0.198997 0.000000 0.980000
0.198997 0.000000 0.980000
0.198997 0.000000 0.980000
0.198997 0.000000 0.980000
0.198997 0.000000 0.980000
0.328671 0.000000 0.944444
0.264248 -0.033031 0.963889
0.166087 0.000000 0.986111
0.198886 0.066295 0.977778
0.166064 0.033213 0.985556
0.166064 -0.033213 0.985556
0.165994 0.066398 0.983889
0.165994 0.066398 0.983889
0.198886 -0.066295 0.977778
0.198886 -0.066295 0.977778
0.198970 0.033162 0.979444
0.066620 -0.033310 0.997222
0.066620 -0.033310 0.997222
0.066620 -0.033310 0.997222
0.133037 0.000000 0.991111
0.066620 0.033310 0.997222
0.033324 -0.033324 0.998889
0.033324 0.033324 0.998889
0.099861 0.033287 0.994444
0.033324 0.033324 0.998889
0.133018 -0.033255 0.990556
0.066620 -0.033310 0.997222
0.066620 -0.033310 0.997222
0.000000 0.066630 0.997778
0.033324 -0.033324 0.998889
0.033310 -0.066620 0.997222
0.033310 0.066620 0.997222
0.033310 -0.066620 0.997222
-0.066593 0.066593 0.995556
-0.066620 -0.033310 0.997222
-0.099819 0.066546 0.992778
0.033324 0.033324 0.998889
-0.099861 -0.033287 0.994444
-0.099819 -0.066546 0.992778
-0.099861 -0.033287 0.994444
-0.099861 -0.033287 0.994444
-0.099875 0.000000 0.995000
-0.033324 -0.033324 0.998889
-0.033329 0.000000 0.999444
-0.066630 0.000000 0.997778
-0.066630 0.000000 0.997778
-0.066620 0.033310 0.997222
-0.033324 -0.033324 0.998889
-0.066620 -0.033310 0.997222
0.033310 0.066620 0.997222
-0.066546 0.099819 0.992778
-0.066620 0.033310 0.997222
-0.066630 0.000000 0.997778
-0.033324 0.033324 0.998889
-0.099750 0.099750 0.990000
-0.099861 -0.033287 0.994444
-0.099819 0.066546 0.992778
-0.033324 -0.033324 0.998889
-0.066620 0.033310 0.997222
-0.099861 -0.033287 0.994444
-0.066620 0.033310 0.997222
-0.066620 0.033310 0.997222
-0.066593 0.066593 0.995556
-0.033329 0.000000 0.999444
-0.099861 -0.033287 0.994444
-0.066620 -0.033310 0.997222
-0.066620 -0.033310 0.997222
-0.033310 0.066620 0.997222
0.000000 0.066630 0.997778
-0.033329 0.000000 0.999444
0.033324 -0.033324 0.998889
-0.033310 0.066620 0.997222
0.033324 -0.033324 0.998889
0.033287 -0.099861 0.994444
0.033329 0.000000 0.999444
0.033287 -0.099861 0.994444
0.033324 -0.033324 0.998889
0.066620 0.033310 0.997222
0.198886 -0.066295 0.977778
0.132962 -0.066481 0.988889
0.165994 -0.066398 0.983889
0.166064 -0.033213 0.985556
0.165878 -0.099527 0.981111
0.231446 -0.099191 0.967778
0.453785 0.000000 0.891111
0.360245 -0.065499 0.930556
0.198550 -0.132367 0.971111
0.328624 -0.032862 0.943889
0.296437 -0.065875 0.952778
0.296226 -0.098742 0.950000
0.423040 0.000000 0.906111
0.359622 -0.130772 0.923889
0.359622 -0.130772 0.923889
0.421496 -0.162114 0.892222
0.422485 -0.097496 0.901111
0.483477 -0.096695 0.870000
0.598417 -0.157478 0.785556
0.453185 -0.097111 0.886111
0.541390 -0.159232 0.825556
0.541390 -0.159232 0.825556
0.596179 -0.219645 0.772222
0.541390 -0.159232 0.825556
0.539409 -0.222110 0.812222
0.623709 -0.218298 0.750556
0.596179 -0.219645 0.772222
0.676873 -0.215369 0.703889
0.676873 -0.215369 0.703889
0.702429 -0.213783 0.678889
0.651978 -0.186279 0.735000
0.650619 -0.216873 0.727778
0.698700 -0.273404 0.661111
0.720987 -0.300411 0.624444
0.649048 -0.247257 0.719444
0.813512 -0.261486 0.519444
0.647263 -0.277399 0.710000
0.807542 -0.317248 0.497222
0.698700 -0.273404 0.661111
0.666307 -0.363440 0.651111
0.718393 -0.329264 0.612778
0.691300 -0.360678 0.626111
0.741984 -0.326473 0.585556
0.685132 -0.417037 0.597222
0.705408 -0.440880 0.555000
0.685132 -0.417037 0.597222
0.681668 -0.444566 0.581111
0.576511 -0.485483 0.657222
0.653632 -0.475369 0.588889
0.649850 -0.502157 0.570556
0.762201 -0.479904 0.434444
0.573313 -0.512965 0.638889
0.625011 -0.505961 0.594444
0.573313 -0.512965 0.638889
0.625011 -0.505961 0.594444
0.688057 -0.544712 0.479444
0.573313 -0.512965 0.638889
0.625011 -0.505961 0.594444
0.655289 -0.598308 0.461111
0.632138 -0.603405 0.486111
0.632138 -0.603405 0.486111
0.632138 -0.603405 0.486111
0.509563 -0.599485 0.617222
0.608235 -0.608235 0.510000
0.475369 -0.653632 0.588889
0.655289 -0.598308 0.461111
0.528394 -0.645815 0.551111
0.489474 -0.719814 0.492222
0.554041 -0.641521 0.530556
0.444566 -0.681668 0.581111
0.444566 -0.681668 0.581111
0.417037 -0.685132 0.597222
0.389063 -0.688342 0.612222
0.410015 -0.732170 0.543889
0.463503 -0.724223 0.510556
0.410015 -0.732170 0.543889
0.323543 -0.764738 0.557222
0.351505 -0.761594 0.544444
0.289529 -0.810682 0.508889
0.258747 -0.833740 0.487778
0.266599 -0.770175 0.579444
0.295230 -0.767597 0.568889
0.323543 -0.764738 0.557222
0.258747 -0.833740 0.487778
0.148189 -0.800219 0.581111
0.149562 -0.777723 0.610556
0.118738 -0.801483 0.586111
0.058920 -0.824885 0.562222
0.089163 -0.802465 0.590000
0.117589 -0.823123 0.555556
0.089163 -0.802465 0.590000
0.116386 -0.843798 0.523889
0.057692 -0.865384 0.497778
-0.295230 -0.767597 0.568889
-0.382573 -0.735718 0.558889
-0.509563 -0.599485 0.617222
-0.448067 -0.657165 0.606111
-0.528394 -0.645815 0.551111
-0.562424 -0.592025 0.577222
-0.451387 -0.631941 0.630000
-0.558348 -0.617121 0.554444
-0.451387 -0.631941 0.630000
-0.536284 -0.595871 0.597778
-0.558348 -0.617121 0.554444
-0.539907 -0.569902 0.619444
-0.539907 -0.569902 0.619444
-0.599485 -0.509563 0.617222
-0.599485 -0.509563 0.617222
-0.539907 -0.569902 0.619444
-0.621188 -0.532447 0.575000
-0.621188 -0.532447 0.575000
-0.602874 -0.482299 0.635556
-0.628594 -0.478929 0.612778
-0.660453 -0.420288 0.622222
-0.660453 -0.420288 0.622222
-0.660453 -0.420288 0.622222
-0.660453 -0.420288 0.622222
-0.584858 -0.400166 0.705556
-0.666307 -0.363440 0.651111
-0.582280 -0.429049 0.690556
-0.666307 -0.363440 0.651111
-0.666307 -0.363440 0.651111
-0.584858 -0.400166 0.705556
-0.589412 -0.341239 0.732222
-0.591394 -0.311260 0.743889
-0.637944 -0.394918 0.661111
-0.640605 -0.366060 0.675000
-0.637944 -0.394918 0.661111
-0.587234 -0.370885 0.719444
-0.587234 -0.370885 0.719444
-0.608986 -0.426290 0.668889
-0.640605 -0.366060 0.675000
-0.635057 -0.423371 0.646111
-0.637944 -0.394918 0.661111
-0.584858 -0.400166 0.705556
-0.608986 -0.426290 0.668889
-0.608986 -0.426290 0.668889
-0.554977 -0.431649 0.711111
-0.576511 -0.485483 0.657222
-0.573313 -0.512965 0.638889
-0.579499 -0.457499 0.674444
-0.488485 -0.549545 0.677778
-0.434095 -0.527115 0.730556
-0.569902 -0.539907 0.619444
-0.539907 -0.569902 0.619444
-0.460299 -0.552359 0.695000
-0.451387 -0.631941 0.630000
-0.460299 -0.552359 0.695000
-0.423371 -0.635057 0.646111
-0.339098 -0.616542 0.710556
-0.366060 -0.640605 0.675000
-0.339098 -0.616542 0.710556
-0.307268 -0.645263 0.699444
0.060563 -0.757040 0.650556
0.060041 -0.780535 0.622222
0.060041 -0.780535 0.622222
0.030545 -0.733091 0.679444
0.061061 -0.732727 0.677778
0.060563 -0.757040 0.650556
0.149562 -0.777723 0.610556
0.179134 -0.776246 0.604444
0.179134 -0.776246 0.604444
0.152120 -0.730175 0.666111
0.208518 -0.774497 0.597222
0.268980 -0.747165 0.607778
0.660378 -0.574241 0.483889
0.297883 -0.744709 0.597222
0.302816 -0.696477 0.650556
0.331918 -0.694011 0.638889
0.420288 -0.660453 0.622222
0.636964 -0.579058 0.508889
0.448067 -0.657165 0.606111
0.420288 -0.660453 0.622222
0.478929 -0.628594 0.612778
0.478929 -0.628594 0.612778
0.417037 -0.685132 0.597222
0.420288 -0.660453 0.622222
0.617121 -0.558348 0.554444
0.448067 -0.657165 0.606111
0.448067 -0.657165 0.606111
0.532447 -0.621188 0.575000
0.498144 -0.673960 0.545556
0.509563 -0.599485 0.617222
0.592025 -0.562424 0.577222
0.498144 -0.673960 0.545556
0.498144 -0.673960 0.545556
0.512965 -0.573313 0.638889
0.583624 -0.612805 0.532778
0.612805 -0.583624 0.532778
0.612805 -0.583624 0.532778
0.612805 -0.583624 0.532778
0.598308 -0.655289 0.461111
0.598308 -0.655289 0.461111
0.598308 -0.655289 0.461111
0.627037 -0.627037 0.462222
0.598308 -0.655289 0.461111
0.693193 -0.610010 0.383889
0.631951 -0.686904 0.358889
0.718592 -0.638749 0.275000
0.598308 -0.655289 0.461111
0.692581 -0.665943 0.277222
0.653061 -0.680272 0.332778
0.665943 -0.692581 0.277222
0.768115 -0.614492 0.180000
0.676734 -0.702762 0.219444
0.702762 -0.676734 0.219444
0.685255 -0.710635 0.159444
0.702762 -0.676734 0.219444
0.764031 -0.644651 0.026111
0.675833 -0.725895 0.127778
0.691304 -0.715993 0.097222
0.659243 -0.735309 0.157222
0.705586 -0.705586 0.065556
0.749815 -0.649839 0.124444
0.691304 -0.715993 0.097222
0.741756 -0.669973 0.030556
0.741756 -0.669973 0.030556
0.718602 -0.694649 0.032778
0.735309 -0.659243 0.157222
0.752672 -0.655553 0.061111
0.718602 -0.694649 0.032778
0.718602 -0.694649 0.032778
0.764031 -0.644651 0.026111
0.774915 -0.629619 0.055556
0.718602 -0.694649 0.032778
0.729536 -0.680900 0.064444
0.764031 -0.644651 0.026111
0.796182 -0.603168 0.047778
0.741756 -0.669973 0.030556
0.705586 -0.705586 0.065556
0.735309 -0.659243 0.157222
0.729536 -0.680900 0.064444
0.705586 -0.705586 0.065556
0.741756 -0.669973 0.030556
0.739932 -0.665939 0.095000
0.729536 -0.680900 0.064444
0.763044 -0.639972 0.090556
0.691304 -0.715993 0.097222
0.623300 -0.772892 0.118889
0.613474 -0.785247 0.083889
0.629619 -0.774915 0.055556
0.629619 -0.774915 0.055556
0.644651 -0.764031 0.026111
0.618755 -0.785343 0.019444
0.618755 -0.785343 0.019444
0.613474 -0.785247 0.083889
0.629619 -0.774915 0.055556
0.629619 -0.774915 0.055556
0.603168 -0.796182 0.047778
0.639972 -0.763044 0.090556
0.669973 -0.741756 0.030556
0.603168 -0.796182 0.047778
0.613474 -0.785247 0.083889
0.592357 -0.805606 0.010556
0.603168 -0.796182 0.047778
0.618755 -0.785343 0.019444
0.618755 -0.785343 0.019444
0.618755 -0.785343 0.019444
0.530801 -0.834116 0.150000
0.586515 -0.806458 0.075000
0.618755 -0.785343 0.019444
0.539071 -0.821441 0.186111
0.576272 -0.816385 0.037778
0.559165 -0.826591 0.063889
0.456459 -0.888894 0.038889
0.444972 -0.889944 0.100000
0.444972 -0.889944 0.100000
0.493789 -0.864130 0.097222
0.493789 -0.864130 0.097222
0.438430 -0.876860 0.197222
0.438430 -0.876860 0.197222
0.438430 -0.876860 0.197222
0.379967 -0.911921 0.155000
0.423949 -0.897775 0.119444
0.379525 -0.925093 0.012778
0.416199 -0.905845 0.078889
0.357101 -0.918259 0.171111
0.386401 -0.901602 0.194444
0.315637 -0.946910 0.061111
0.321936 -0.941044 0.103889
0.327956 -0.933412 0.145556
0.327956 -0.933412 0.145556
0.327956 -0.933412 0.145556
0.299035 -0.946946 0.117778
0.231840 -0.953122 0.194444
0.280712 -0.944214 0.172222
0.178508 -0.969044 0.170556
0.227761 -0.961657 0.152778
0.132608 -0.954777 0.266111
0.156169 -0.963045 0.219444
0.128230 -0.974547 0.183889
0.132608 -0.954777 0.266111
0.153478 -0.972029 0.177778
0.128230 -0.974547 0.183889
0.053287 -0.959166 0.277778
0.024331 -0.997552 0.065556
0.053287 -0.959166 0.277778
-0.181657 -0.960189 0.212222
-0.231840 -0.953122 0.194444
-0.280712 -0.944214 0.172222
-0.251906 -0.957244 0.142222
-0.280712 -0.944214 0.172222
-0.398434 -0.876556 0.270000
-0.398434 -0.876556 0.270000
-0.379967 -0.911921 0.155000
-0.373237 -0.920650 0.114444
-0.489441 -0.850082 0.194444
-0.489441 -0.850082 0.194444
-0.496784 -0.836690 0.230556
-0.474552 -0.843649 0.251111
-0.578115 -0.804334 0.137222
-0.582963 -0.768451 0.263889
-0.541101 -0.836247 0.088889
-0.568862 -0.816194 0.101111
-0.575354 -0.784573 0.231111
-0.655553 -0.752672 0.061111
-0.668202 -0.719602 0.188889
-0.675833 -0.725895 0.127778
-0.685255 -0.710635 0.159444
-0.752672 -0.655553 0.061111
-0.741756 -0.669973 0.030556
-0.728126 -0.650113 0.217222
-0.752672 -0.655553 0.061111
-0.785343 -0.618755 0.019444
-0.791098 -0.586944 0.172222
-0.782238 -0.605603 0.146111
-0.795046 -0.596285 0.111111
-0.791098 -0.586944 0.172222
-0.792149 -0.554504 0.255000
-0.834116 -0.530801 0.150000
-0.845370 -0.522140 0.112778
-0.804334 -0.578115 0.137222
-0.864130 -0.493789 0.097222
-0.835433 -0.548999 0.025556
-0.855114 -0.513068 0.074444
-0.842336 -0.510507 0.172778
-0.845370 -0.522140 0.112778
-0.836690 -0.496784 0.230556
-0.821441 -0.539071 0.186111
-0.807427 -0.546966 0.221111
-0.864198 -0.445193 0.234444
-0.850179 -0.451658 0.270556
-0.876860 -0.438430 0.197222
-0.883548 -0.415787 0.215556
-0.880599 -0.452880 0.139444
-0.876860 -0.438430 0.197222
-0.876860 -0.438430 0.197222
-0.876860 -0.438430 0.197222
-0.880599 -0.452880 0.139444
-0.895078 -0.409179 0.177222
-0.888081 -0.431354 0.158889
-0.900943 -0.344478 0.263889
-0.905879 -0.319722 0.277778
-0.895078 -0.409179 0.177222
-0.913268 -0.339214 0.225556
-0.905879 -0.319722 0.277778
-0.918428 -0.314890 0.239444
-0.913268 -0.339214 0.225556
-0.891950 -0.324345 0.315000
-0.937779 -0.187556 0.292222
-0.961657 -0.227761 0.152778
-0.956883 -0.206894 0.203889
-0.963862 -0.247144 0.099444
-0.976203 -0.175216 0.127778
-0.979324 -0.150665 0.135000
-0.979324 -0.150665 0.135000
-0.976203 -0.175216 0.127778
-0.981957 -0.125892 0.141111
-0.976203 -0.175216 0.127778
-0.965588 -0.203282 0.162222
-0.965588 -0.203282 0.162222
-0.965588 -0.203282 0.162222
-0.976527 -0.214360 0.021111
-0.965588 -0.203282 0.162222
-0.976527 -0.214360 0.021111
-0.963862 -0.247144 0.099444
-0.973475 -0.219032 0.066111
-0.948901 -0.256460 0.183889
-0.961657 -0.227761 0.152778
-0.958735 -0.270412 0.087778
-0.939054 -0.304558 0.159444
-0.957244 -0.251906 0.142222
-0.952343 -0.275678 0.130556
-0.946946 -0.299035 0.117778
-0.929516 -0.309839 0.200000
-0.927281 -0.350863 0.130556
-0.927281 -0.350863 0.130556
-0.933412 -0.327956 0.145556
-0.901602 -0.386401 0.194444
-0.901602 -0.386401 0.194444
-0.876556 -0.398434 0.270000
-0.895078 -0.409179 0.177222
-0.872620 -0.473708 0.118889
-0.876860 -0.438430 0.197222
-0.806053 -0.510501 0.299444
-0.889785 -0.392552 0.232778
-0.888081 -0.431354 0.158889
-0.799490 -0.567380 0.197222
-0.836690 -0.496784 0.230556
-0.829291 -0.518307 0.208889
-0.850082 -0.489441 0.194444
-0.825407 -0.550272 0.126111
-0.804334 -0.578115 0.137222
-0.772892 -0.623300 0.118889
-0.807427 -0.546966 0.221111
-0.785247 -0.613474 0.083889
-0.718602 -0.694649 0.032778
-0.718602 -0.694649 0.032778
-0.729536 -0.680900 0.064444
-0.725895 -0.675833 0.127778
-0.719602 -0.668202 0.188889
-0.694226 -0.694226 0.190000
-0.631049 -0.736223 0.244444
-0.613474 -0.785247 0.083889
-0.597140 -0.732854 0.326111
-0.665939 -0.739932 0.095000
-0.611066 -0.743907 0.270556
-0.611066 -0.743907 0.270556
-0.541101 -0.836247 0.088889
-0.541101 -0.836247 0.088889
-0.460435 -0.869710 0.177778
-0.460435 -0.869710 0.177778
-0.428146 -0.856291 0.288889
-0.481754 -0.862087 0.157222
-0.467654 -0.857365 0.215000
-0.467654 -0.857365 0.215000
-0.467654 -0.857365 0.215000
-0.467654 -0.857365 0.215000
-0.496784 -0.836690 0.230556
-0.503800 -0.821989 0.265556
-0.467654 -0.857365 0.215000
-0.379967 -0.911921 0.155000
-0.368768 -0.895580 0.248889
-0.384430 -0.851238 0.357222
-0.379967 -0.911921 0.155000
-0.467654 -0.857365 0.215000
-0.467654 -0.857365 0.215000
-0.496784 -0.836690 0.230556
-0.379967 -0.911921 0.155000
-0.373237 -0.920650 0.114444
-0.384430 -0.851238 0.357222
-0.379967 -0.911921 0.155000
-0.379967 -0.911921 0.155000
-0.379967 -0.911921 0.155000
-0.467654 -0.857365 0.215000
-0.379967 -0.911921 0.155000
-0.379967 -0.911921 0.155000
-0.496784 -0.836690 0.230556
-0.467654 -0.857365 0.215000
-0.481144 -0.828638 0.286111
-0.350863 -0.927281 0.130556
-0.445193 -0.864198 0.234444
-0.481754 -0.862087 0.157222
-0.439438 -0.823947 0.357778
-0.379967 -0.911921 0.155000
-0.496784 -0.836690 0.230556
-0.496784 -0.836690 0.230556
-0.374223 -0.882098 0.286111
-0.379967 -0.911921 0.155000
-0.398434 -0.876556 0.270000
-0.496784 -0.836690 0.230556
-0.496784 -0.836690 0.230556
-0.373237 -0.920650 0.114444
-0.404059 -0.861993 0.306111
-0.493457 -0.795014 0.352778
-0.481754 -0.862087 0.157222
-0.489441 -0.850082 0.194444
-0.550272 -0.825407 0.126111
-0.582963 -0.768451 0.263889
-0.539071 -0.821441 0.186111
-0.546966 -0.807427 0.221111
-0.539071 -0.821441 0.186111
-0.550272 -0.825407 0.126111
-0.539071 -0.821441 0.186111
-0.530801 -0.834116 0.150000
-0.578115 -0.804334 0.137222
-0.582963 -0.768451 0.263889
-0.541101 -0.836247 0.088889
-0.559025 -0.813127 0.162222
-0.611066 -0.743907 0.270556
-0.568862 -0.816194 0.101111
-0.586944 -0.791098 0.172222
-0.568862 -0.816194 0.101111
-0.578115 -0.804334 0.137222
-0.605603 -0.782238 0.146111
-0.623300 -0.772892 0.118889
-0.614492 -0.768115 0.180000
-0.644651 -0.764031 0.026111
-0.631049 -0.736223 0.244444
-0.603403 -0.760813 0.238889
-0.568862 -0.816194 0.101111
-0.631049 -0.736223 0.244444
-0.567380 -0.799490 0.197222
-0.578115 -0.804334 0.137222
-0.639972 -0.763044 0.090556
-0.578115 -0.804334 0.137222
-0.550272 -0.825407 0.126111
-0.595368 -0.776567 0.206111
-0.559025 -0.813127 0.162222
-0.578115 -0.804334 0.137222
-0.567380 -0.799490 0.197222
-0.590221 -0.751190 0.295556
-0.567380 -0.799490 0.197222
-0.452880 -0.880599 0.139444
-0.496784 -0.836690 0.230556
-0.518307 -0.829291 0.208889
-0.251906 -0.957244 0.142222
0.150665 -0.979324 0.135000
0.026235 -0.970692 0.238889
0.050614 -0.986964 0.152778
0.052435 -0.970039 0.237222
0.078563 -0.968950 0.234444
0.156169 -0.963045 0.219444
0.156169 -0.963045 0.219444
0.130467 -0.965455 0.225556
0.260815 -0.938936 0.224444
0.227761 -0.961657 0.152778
0.309839 -0.929516 0.200000
0.333710 -0.924121 0.186111
0.333710 -0.924121 0.186111
0.344478 -0.900943 0.263889
0.344337 -0.934629 0.088889
0.321936 -0.941044 0.103889
0.402265 -0.905097 0.137778
0.402265 -0.905097 0.137778
0.444972 -0.889944 0.100000
0.438430 -0.876860 0.197222
0.452880 -0.880599 0.139444
0.539071 -0.821441 0.186111
0.522140 -0.845370 0.112778
0.522140 -0.845370 0.112778
0.541101 -0.836247 0.088889
0.567380 -0.799490 0.197222
0.546966 -0.807427 0.221111
0.530801 -0.834116 0.150000
0.568862 -0.816194 0.101111
0.586515 -0.806458 0.075000
0.675833 -0.725895 0.127778
0.655553 -0.752672 0.061111
0.650113 -0.728126 0.217222
0.639972 -0.763044 0.090556
0.641601 -0.744257 0.185556
0.691304 -0.715993 0.097222
0.685255 -0.710635 0.159444
0.710635 -0.685255 0.159444
0.785343 -0.618755 0.019444
0.785343 -0.618755 0.019444
0.741756 -0.669973 0.030556
0.785247 -0.613474 0.083889
0.796182 -0.603168 0.047778
0.825407 -0.550272 0.126111
0.816194 -0.568862 0.101111
0.836247 -0.541101 0.088889
0.834116 -0.530801 0.150000
0.826591 -0.559165 0.063889
0.888894 -0.456459 0.038889
0.879576 -0.475447 0.017222
0.903595 -0.428019 0.017778
0.888894 -0.456459 0.038889
0.903595 -0.428019 0.017778
0.897645 -0.436692 0.059444
0.920212 -0.387458 0.055556
0.925093 -0.379525 0.012778
0.897645 -0.436692 0.059444
0.905845 -0.416199 0.078889
0.913509 -0.395031 0.097222
0.940194 -0.337505 0.046111
0.912186 -0.408083 0.037222
0.927689 -0.366193 0.072778
0.913509 -0.395031 0.097222
0.939054 -0.304558 0.159444
0.944214 -0.280712 0.172222
0.946946 -0.299035 0.117778
0.946946 -0.299035 0.117778
0.946946 -0.299035 0.117778
0.956883 -0.206894 0.203889
0.965588 -0.203282 0.162222
0.972590 -0.199506 0.119444
0.968478 -0.223495 0.110000
0.976527 -0.214360 0.021111
0.963862 -0.247144 0.099444
0.957244 -0.251906 0.142222
0.976527 -0.214360 0.021111
0.973475 -0.219032 0.066111
0.976203 -0.175216 0.127778
0.972590 -0.199506 0.119444
0.976203 -0.175216 0.127778
0.444972 0.889944 0.100000
0.408083 0.912186 0.037222
0.339214 0.913268 0.225556
0.350863 0.927281 0.130556
0.231840 0.953122 0.194444
0.231840 0.953122 0.194444
0.153478 0.972029 0.177778
0.125892 0.981957 0.141111
0.181657 0.960189 0.212222
0.206894 0.956883 0.203889
0.175216 0.976203 0.127778
0.104586 0.967422 0.230556
0.025790 0.980020 0.197222
0.026235 0.970692 0.238889
0.025325 0.987677 0.154444
0.027069 0.947405 0.318889
0.025790 0.980020 0.197222
0.024839 0.993560 0.110556
-0.075829 0.985774 0.150000
0.077226 0.978199 0.192778
-0.239479 0.931306 0.274444
-0.219854 0.906898 0.359444
-0.081069 0.945808 0.314444
-0.051544 0.979337 0.195556
-0.268972 0.914503 0.302222
-0.210350 0.946573 0.244444
-0.187556 0.937779 0.292222
-0.268972 0.914503 0.302222
-0.256460 0.948901 0.183889
-0.104586 0.967422 0.230556
-0.184671 0.949737 0.252778
-0.251906 0.957244 0.142222
-0.187556 0.937779 0.292222
-0.239479 0.931306 0.274444
-0.231840 0.953122 0.194444
-0.268972 0.914503 0.302222
-0.357101 0.918259 0.171111
-0.392552 0.889785 0.232778
-0.379967 0.911921 0.155000
-0.357101 0.918259 0.171111
-0.379967 0.911921 0.155000
-0.392552 0.889785 0.232778
-0.392552 0.889785 0.232778
-0.398434 0.876556 0.270000
-0.368768 0.895580 0.248889
-0.398434 0.876556 0.270000
-0.445193 0.864198 0.234444
-0.481754 0.862087 0.157222
-0.530801 0.834116 0.150000
-0.502340 0.853978 0.135556
-0.530801 0.834116 0.150000
-0.578115 0.804334 0.137222
-0.546966 0.807427 0.221111
-0.575354 0.784573 0.231111
-0.575354 0.784573 0.231111
-0.568563 0.758084 0.319444
-0.603403 0.760813 0.238889
-0.632669 0.759203 0.152778
-0.649839 0.749815 0.124444
-0.694226 0.694226 0.190000
-0.659243 0.735309 0.157222
-0.650113 0.728126 0.217222
-0.676734 0.702762 0.219444
-0.701209 0.701209 0.128889
-0.715993 0.691304 0.097222
-0.725895 0.675833 0.127778
-0.749815 0.649839 0.124444
-0.752753 0.622968 0.212778
-0.735309 0.659243 0.157222
-0.768115 0.614492 0.180000
-0.791098 0.586944 0.172222
-0.785247 0.613474 0.083889
-0.784573 0.575354 0.231111
-0.785247 0.613474 0.083889
-0.749815 0.649839 0.124444
-0.768451 0.582963 0.263889
-0.791098 0.586944 0.172222
-0.816194 0.568862 0.101111
-0.845370 0.522140 0.112778
-0.816385 0.576272 0.037778
-0.835433 0.548999 0.025556
-0.853229 0.521418 0.011111
-0.862087 0.481754 0.157222
-0.872697 0.484832 0.057778
-0.872697 0.484832 0.057778
-0.872697 0.484832 0.057778
-0.879576 0.475447 0.017222
-0.879576 0.475447 0.017222
-0.881589 0.465283 0.079444
-0.863250 0.503562 0.035000
-0.872697 0.484832 0.057778
-0.881589 0.465283 0.079444
-0.920650 0.373237 0.114444
-0.933412 0.327956 0.145556
-0.932926 0.358818 0.030000
-0.913268 0.339214 0.225556
-0.905097 0.402265 0.137778
-0.941044 0.321936 0.103889
-0.950893 0.309040 0.017222
-0.946946 0.299035 0.117778
-0.973475 0.219032 0.066111
-0.971466 0.236943 0.010556
-0.973475 0.219032 0.066111
-0.965588 0.203282 0.162222
-0.977778 0.195556 0.075556
-0.971466 0.236943 0.010556
-0.973475 0.219032 0.066111
-0.976527 0.214360 0.021111
-0.988409 0.144645 0.046111
-0.984991 0.168169 0.038889
-0.995470 0.072839 0.061111
-0.995434 0.094803 0.011111
-0.992970 0.118211 0.006111
-0.999800 0.000000 0.020000
-0.997552 0.024331 0.065556
-0.997552 0.024331 0.065556
-0.997346 0.071239 0.015000
-0.998710 0.047558 0.017778
-0.999528 0.023798 0.019444
-0.993560 -0.024839 0.110556
-0.999528 -0.023798 0.019444
-0.992970 0.118211 0.006111
-0.997552 -0.024331 0.065556
-0.992970 0.118211 0.006111
-0.997552 0.024331 0.065556
-0.992970 0.118211 0.006111
-0.992970 0.118211 0.006111
-0.992970 0.118211 0.006111
-0.995434 0.094803 0.011111
-0.992970 0.118211 0.006111
-0.999800 0.000000 0.020000
-0.999800 0.000000 0.020000
-0.999800 0.000000 0.020000
-0.999800 0.000000 0.020000
-0.999800 0.000000 0.020000
-0.992970 0.118211 0.006111
-0.996772 0.048623 0.063889
-0.993644 0.096941 0.057222
-0.995470 0.072839 0.061111
-0.995434 0.094803 0.011111
-0.992970 0.118211 0.006111
-0.989825 0.098982 0.102222
-0.987577 0.123447 0.097222
-0.984991 0.168169 0.038889
-0.977778 0.195556 0.075556
-0.973475 0.219032 0.066111
-0.953122 0.231840 0.194444
-0.968644 0.242161 0.055556
-0.968644 0.242161 0.055556
-0.968644 0.242161 0.055556
-0.968478 0.223495 0.110000
-0.963276 0.264901 0.043889
-0.910397 0.294540 0.290556
-0.940194 0.337505 0.046111
-0.934629 0.344337 0.088889
-0.927689 0.366193 0.072778
-0.927281 0.350863 0.130556
-0.895078 0.409179 0.177222
-0.880599 0.452880 0.139444
-0.862087 0.481754 0.157222
-0.853978 0.502340 0.135556
-0.872620 0.473708 0.118889
-0.836690 0.496784 0.230556
-0.872697 0.484832 0.057778
-0.869710 0.460435 0.177778
-0.872620 0.473708 0.118889
-0.834116 0.530801 0.150000
-0.862087 0.481754 0.157222
-0.834116 0.530801 0.150000
-0.813127 0.559025 0.162222
-0.816194 0.568862 0.101111
-0.836247 0.541101 0.088889
-0.836247 0.541101 0.088889
-0.804334 0.578115 0.137222
-0.806458 0.586515 0.075000
-0.785247 0.613474 0.083889
-0.795046 0.596285 0.111111
-0.785247 0.613474 0.083889
-0.806458 0.586515 0.075000
-0.785343 0.618755 0.019444
-0.741756 0.669973 0.030556
-0.739932 0.665939 0.095000
-0.729536 0.680900 0.064444
-0.685255 0.710635 0.159444
-0.739932 0.665939 0.095000
-0.744257 0.641601 0.185556
-0.680900 0.729536 0.064444
-0.729536 0.680900 0.064444
-0.705586 0.705586 0.065556
-0.694649 0.718602 0.032778
-0.668202 0.719602 0.188889
-0.668202 0.719602 0.188889
-0.613474 0.785247 0.083889
-0.629619 0.774915 0.055556
-0.614492 0.768115 0.180000
-0.603168 0.796182 0.047778
-0.586515 0.806458 0.075000
-0.618755 0.785343 0.019444
-0.618755 0.785343 0.019444
-0.567380 0.799490 0.197222
-0.592357 0.805606 0.010556
-0.578115 0.804334 0.137222
-0.592357 0.805606 0.010556
-0.603168 0.796182 0.047778
-0.578115 0.804334 0.137222
-0.578115 0.804334 0.137222
-0.546966 0.807427 0.221111
-0.578115 0.804334 0.137222
-0.568862 0.816194 0.101111
-0.548999 0.835433 0.025556
-0.559025 0.813127 0.162222
-0.586944 0.791098 0.172222
-0.539071 0.821441 0.186111
-0.525756 0.814922 0.243889
-0.445193 0.864198 0.234444
-0.386401 0.901602 0.194444
-0.445193 0.864198 0.234444
-0.513068 0.855114 0.074444
-0.465283 0.881589 0.079444
-0.444972 0.889944 0.100000
-0.465283 0.881589 0.079444
-0.456459 0.888894 0.038889
-0.465283 0.881589 0.079444
-0.416199 0.905845 0.078889
-0.416199 0.905845 0.078889
-0.436692 0.897645 0.059444
-0.428019 0.903595 0.017778
-0.373237 0.920650 0.114444
-0.350863 0.927281 0.130556
-0.321936 0.941044 0.103889
-0.337505 0.940194 0.046111
-0.287209 0.957363 0.031111
-0.309040 0.950893 0.017222
-0.275678 0.952343 0.130556
-0.247144 0.963862 0.099444
-0.285527 0.934452 0.212778
-0.275678 0.952343 0.130556
-0.171773 0.981558 0.083889
-0.118211 0.992970 0.006111
-0.290133 0.923150 0.252222
-0.280712 0.944214 0.172222
-0.175216 0.976203 0.127778
-0.264983 0.927441 0.263889
0.048623 0.996772 0.063889
0.025325 0.987677 0.154444
0.025325 0.987677 0.154444
0.025325 0.987677 0.154444
0.024331 0.997552 0.065556
0.251906 0.957244 0.142222
0.150665 0.979324 0.135000
0.231840 0.953122 0.194444
0.270412 0.958735 0.087778
0.379525 0.925093 0.012778
0.431354 0.888081 0.158889
0.386401 0.901602 0.194444
0.428019 0.903595 0.017778
0.428019 0.903595 0.017778
0.423949 0.897775 0.119444
0.521418 0.853229 0.011111
0.530801 0.834116 0.150000
0.522140 0.845370 0.112778
0.531491 0.845554 0.050556
0.541101 0.836247 0.088889
0.618755 0.785343 0.019444
0.623300 0.772892 0.118889
0.623300 0.772892 0.118889
0.718602 0.694649 0.032778
0.715993 0.691304 0.097222
0.705586 0.705586 0.065556
0.715993 0.691304 0.097222
0.739932 0.665939 0.095000
0.725895 0.675833 0.127778
0.796182 0.603168 0.047778
0.796182 0.603168 0.047778
0.796182 0.603168 0.047778
0.785343 0.618755 0.019444
0.805606 0.592357 0.010556
0.835433 0.548999 0.025556
0.879576 0.475447 0.017222
0.903595 0.428019 0.017778
0.903595 0.428019 0.017778
0.925093 0.379525 0.012778
0.932926 0.358818 0.030000
0.932926 0.358818 0.030000
0.913509 0.395031 0.097222
0.912186 0.408083 0.037222
0.940194 0.337505 0.046111
0.932926 0.358818 0.030000
0.958735 0.270412 0.087778
0.953087 0.293258 0.075000
0.958735 0.270412 0.087778
0.958735 0.270412 0.087778
0.946910 0.315637 0.061111
0.963276 0.264901 0.043889
0.976527 0.214360 0.021111
0.988409 0.144645 0.046111
0.988409 0.144645 0.046111
0.988409 0.144645 0.046111
0.987577 0.123447 0.097222
0.996772 0.048623 0.063889
0.995470 0.072839 0.061111
0.997552 0.024331 0.065556
0.997346 0.071239 0.015000
0.997552 0.024331 0.065556
0.999800 0.000000 0.020000
0.997552 -0.024331 0.065556
0.992970 -0.118211 0.006111
0.997346 -0.071239 0.015000
0.991291 -0.120889 0.052222
0.993644 -0.096941 0.057222
0.995434 -0.094803 0.011111
0.991291 -0.120889 0.052222
0.995434 -0.094803 0.011111
0.991291 -0.120889 0.052222
0.984991 -0.168169 0.038889
0.992970 -0.118211 0.006111
0.976527 -0.214360 0.021111
0.984823 -0.147723 0.091111
0.984991 -0.168169 0.038889
0.971466 -0.236943 0.010556
0.971466 -0.236943 0.010556
0.971466 -0.236943 0.010556
0.992970 -0.118211 0.006111
0.981032 -0.191421 0.030556
0.984991 -0.168169 0.038889
0.995434 -0.094803 0.011111
0.995434 -0.094803 0.011111
0.995434 -0.094803 0.011111
0.993644 -0.096941 0.057222
0.998710 -0.047558 0.017778
0.997346 -0.071239 0.015000
0.998710 0.047558 0.017778
0.998710 0.047558 0.017778
0.995434 0.094803 0.011111
0.988409 0.144645 0.046111
0.992970 0.118211 0.006111
0.992970 0.118211 0.006111
0.981032 0.191421 0.030556
0.976527 0.214360 0.021111
0.976527 0.214360 0.021111
0.940194 0.337505 0.046111
0.903595 0.428019 0.017778
0.932926 0.358818 0.030000
0.913509 0.395031 0.097222
0.932926 0.358818 0.030000
0.905845 0.416199 0.078889
0.912186 0.408083 0.037222
0.879576 0.475447 0.017222
0.879576 0.475447 0.017222
0.805606 0.592357 0.010556
0.785343 0.618755 0.019444
0.826591 0.559165 0.063889
0.805606 0.592357 0.010556
0.705586 0.705586 0.065556
0.725895 0.675833 0.127778
0.715993 0.691304 0.097222
0.715993 0.691304 0.097222
0.729536 0.680900 0.064444
0.603168 0.796182 0.047778
0.644651 0.764031 0.026111
0.541101 0.836247 0.088889
0.603168 0.796182 0.047778
0.541101 0.836247 0.088889
0.578115 0.804334 0.137222
0.481754 0.862087 0.157222
0.456459 0.888894 0.038889
0.402265 0.905097 0.137778
0.423949 0.897775 0.119444
0.408083 0.912186 0.037222
0.315637 0.946910 0.061111
0.321936 0.941044 0.103889
0.293258 0.953087 0.075000
0.242161 0.968644 0.055556
0.195556 0.977778 0.075556
0.150665 0.979324 0.135000
0.223495 0.968478 0.110000
0.175216 0.976203 0.127778
0.096941 0.993644 0.057222
0.123447 0.987577 0.097222
0.125892 0.981957 0.141111
0.025325 0.987677 0.154444
0.025325 0.987677 0.154444
-0.260815 0.938936 0.224444
-0.260815 0.938936 0.224444
-0.264983 0.927441 0.263889
-0.264983 0.927441 0.263889
-0.275678 0.952343 0.130556
-0.275678 0.952343 0.130556
-0.275678 0.952343 0.130556
-0.264901 0.963276 0.043889
-0.275678 0.952343 0.130556
-0.206894 0.956883 0.203889
-0.293258 0.953087 0.075000
-0.327956 0.933412 0.145556
-0.373237 0.920650 0.114444
-0.344337 0.934629 0.088889
-0.379967 0.911921 0.155000
-0.373237 0.920650 0.114444
-0.416199 0.905845 0.078889
-0.473708 0.872620 0.118889
-0.521418 0.853229 0.011111
-0.502340 0.853978 0.135556
-0.467654 0.857365 0.215000
-0.568862 0.816194 0.101111
-0.618755 0.785343 0.019444
-0.613474 0.785247 0.083889
-0.629619 0.774915 0.055556
-0.629619 0.774915 0.055556
-0.629619 0.774915 0.055556
-0.669973 0.741756 0.030556
-0.694649 0.718602 0.032778
-0.718602 0.694649 0.032778
-0.718602 0.694649 0.032778
-0.729536 0.680900 0.064444
-0.772892 0.623300 0.118889
-0.774915 0.629619 0.055556
-0.735309 0.659243 0.157222
-0.785247 0.613474 0.083889
-0.752672 0.655553 0.061111
-0.805606 0.592357 0.010556
-0.816194 0.568862 0.101111
-0.805606 0.592357 0.010556
-0.806458 0.586515 0.075000
-0.826591 0.559165 0.063889
-0.845554 0.531491 0.050556
-0.825407 0.550272 0.126111
-0.845370 0.522140 0.112778
-0.872697 0.484832 0.057778
-0.872697 0.484832 0.057778
-0.863250 0.503562 0.035000
-0.869710 0.460435 0.177778
-0.913509 0.395031 0.097222
-0.920650 0.373237 0.114444
-0.883548 0.415787 0.215556
-0.941044 0.321936 0.103889
-0.927281 0.350863 0.130556
-0.933412 0.327956 0.145556
-0.946946 0.299035 0.117778
-0.957244 0.251906 0.142222
-0.968644 0.242161 0.055556
-0.968644 0.242161 0.055556
-0.956883 0.206894 0.203889
-0.965588 0.203282 0.162222
-0.965588 0.203282 0.162222
-0.984991 0.168169 0.038889
-0.981957 0.125892 0.141111
-0.995434 0.094803 0.011111
-0.996772 0.048623 0.063889
-0.993560 0.024839 0.110556
-0.997812 0.000000 0.066111
-0.998710 0.047558 0.017778
-0.997552 -0.024331 0.065556
-0.993560 -0.024839 0.110556
-0.993560 -0.024839 0.110556
-0.993560 -0.024839 0.110556
-0.993560 -0.024839 0.110556
-0.980020 -0.025790 0.197222
-0.987677 0.025325 0.154444
-0.980247 0.000000 0.197778
-0.980247 0.000000 0.197778
-0.970910 0.000000 0.239444
-0.980020 -0.025790 0.197222
-0.980247 0.000000 0.197778
-0.970692 -0.026235 0.238889
-0.987677 -0.025325 0.154444
-0.980020 -0.025790 0.197222
-0.980247 0.000000 0.197778
-0.970910 0.000000 0.239444
-0.968950 0.078563 0.234444
-0.986964 0.050614 0.152778
-0.984823 0.147723 0.091111
-0.969044 0.178508 0.170556
-0.984106 0.100934 0.146111
-0.979324 0.150665 0.135000
-0.979324 0.150665 0.135000
-0.976203 0.175216 0.127778
-0.969044 0.178508 0.170556
-0.968478 0.223495 0.110000
-0.963862 0.247144 0.099444
-0.913268 0.339214 0.225556
-0.907662 0.363065 0.210556
-0.910397 0.294540 0.290556
-0.901602 0.386401 0.194444
-0.913268 0.339214 0.225556
-0.895580 0.368768 0.248889
-0.883548 0.415787 0.215556
-0.888081 0.431354 0.158889
-0.901602 0.386401 0.194444
-0.853978 0.502340 0.135556
-0.855114 0.513068 0.074444
-0.845370 0.522140 0.112778
-0.821989 0.503800 0.265556
-0.825407 0.550272 0.126111
-0.768451 0.582963 0.263889
-0.760813 0.603403 0.238889
-0.807427 0.546966 0.221111
-0.785247 0.613474 0.083889
-0.768115 0.614492 0.180000
-0.739932 0.665939 0.095000
-0.759203 0.632669 0.152778
-0.739932 0.665939 0.095000
-0.691304 0.715993 0.097222
-0.684856 0.684856 0.248889
-0.684856 0.684856 0.248889
-0.668202 0.719602 0.188889
-0.618371 0.725913 0.301111
-0.595368 0.776567 0.206111
-0.522140 0.845370 0.112778
-0.463740 0.818366 0.339444
-0.414578 0.829156 0.375000
-0.452880 0.880599 0.139444
-0.368768 0.895580 0.248889
-0.363065 0.907662 0.210556
-0.404059 0.861993 0.306111
-0.309839 0.929516 0.200000
-0.268972 0.914503 0.302222
-0.294540 0.910397 0.290556
-0.298758 0.896273 0.327778
-0.272789 0.900202 0.339444
-0.216823 0.921499 0.322222
-0.219854 0.906898 0.359444
-0.272789 0.900202 0.339444
-0.243053 0.918202 0.312778
-0.268972 0.914503 0.302222
0.026235 0.970692 0.238889
0.026661 0.959792 0.279444
0.026235 0.970692 0.238889
0.026235 0.970692 0.238889
0.171773 0.981558 0.083889
0.153478 0.972029 0.177778
0.231840 0.953122 0.194444
0.333710 0.924121 0.186111
0.339214 0.913268 0.225556
0.431354 0.888081 0.158889
0.452880 0.880599 0.139444
0.460435 0.869710 0.177778
0.489441 0.850082 0.194444
0.445193 0.864198 0.234444
0.502340 0.853978 0.135556
0.586944 0.791098 0.172222
0.539071 0.821441 0.186111
0.539071 0.821441 0.186111
0.632669 0.759203 0.152778
0.650113 0.728126 0.217222
0.641601 0.744257 0.185556
0.641601 0.744257 0.185556
0.649839 0.749815 0.124444
0.675833 0.725895 0.127778
0.759203 0.632669 0.152778
0.715993 0.691304 0.097222
0.760813 0.603403 0.238889
0.782238 0.605603 0.146111
0.804334 0.578115 0.137222
0.825407 0.550272 0.126111
0.836247 0.541101 0.088889
0.834116 0.530801 0.150000
0.842336 0.510507 0.172778
0.834116 0.530801 0.150000
0.876556 0.398434 0.270000
0.869710 0.460435 0.177778
0.897775 0.423949 0.119444
0.895078 0.409179 0.177222
0.887227 0.349514 0.301111
0.882098 0.374223 0.286111
0.948901 0.256460 0.183889
0.900202 0.272789 0.339444
0.900202 0.272789 0.339444
0.924398 0.190317 0.330556
0.926904 0.163571 0.337778
0.984991 0.168169 0.038889
0.956883 0.206894 0.203889
0.932086 0.082243 0.352778
0.969044 0.178508 0.170556
0.967422 0.104586 0.230556
0.967422 0.104586 0.230556
0.980020 -0.025790 0.197222
0.967422 0.104586 0.230556
0.968950 -0.078563 0.234444
0.997346 0.071239 0.015000
0.978199 0.077226 0.192778
0.991569 0.074368 0.106111
0.996772 -0.048623 0.063889
0.979337 -0.051544 0.195556
0.980020 -0.025790 0.197222
0.978199 0.077226 0.192778
0.967422 0.104586 0.230556
0.993644 0.096941 0.057222
0.967422 0.104586 0.230556
0.967422 0.104586 0.230556
0.958123 0.079844 0.275000
0.970910 0.000000 0.239444
0.945808 0.081069 0.314444
0.960189 0.181657 0.212222
0.967422 0.104586 0.230556
0.915750 0.111000 0.386111
0.891950 0.324345 0.315000
0.887227 0.349514 0.301111
0.869710 0.460435 0.177778
0.870592 0.422105 0.252778
0.882098 0.374223 0.286111
0.799305 0.532870 0.277778
0.850179 0.451658 0.270556
0.876556 0.398434 0.270000
0.855114 0.513068 0.074444
0.725913 0.618371 0.301111
0.718592 0.638749 0.275000
0.706893 0.625328 0.330556
0.673289 0.673289 0.305556
0.673289 0.673289 0.305556
0.665943 0.692581 0.277222
0.554504 0.792149 0.255000
0.665939 0.739932 0.095000
0.510501 0.806053 0.299444
0.575109 0.739425 0.350000
0.428146 0.856291 0.288889
0.451658 0.850179 0.270556
0.474765 0.781966 0.403889
0.344478 0.900943 0.263889
0.358938 0.855929 0.372222
0.363343 0.838484 0.406111
0.298758 0.896273 0.327778
0.276441 0.884612 0.375556
0.136620 0.929018 0.343889
0.134658 0.942604 0.305556
0.052435 0.970039 0.237222
0.055633 0.917949 0.392778
0.028534 0.884559 0.465556
-0.200231 0.858131 0.472778
-0.142020 0.880526 0.452222
-0.112437 0.899492 0.422222
-0.222755 0.891020 0.395556
-0.249750 0.888000 0.386111
-0.252883 0.871043 0.421111
-0.279936 0.867802 0.410556
-0.310346 0.846398 0.432778
-0.109499 0.930745 0.348889
-0.310346 0.846398 0.432778
-0.317248 0.807542 0.497222
-0.398434 0.876556 0.270000
-0.404059 0.861993 0.306111
-0.424182 0.791807 0.439444
-0.398434 0.876556 0.270000
-0.474765 0.781966 0.403889
-0.424182 0.791807 0.439444
-0.419490 0.811015 0.407778
-0.398113 0.796226 0.455556
-0.504678 0.757017 0.415000
-0.523006 0.770746 0.363889
-0.479904 0.762201 0.434444
-0.552324 0.745637 0.372778
-0.519615 0.692820 0.500000
-0.484805 0.741466 0.463889
-0.603733 0.713503 0.355556
-0.603733 0.713503 0.355556
-0.142020 0.880526 0.452222
-0.649910 0.621654 0.437222
-0.644233 0.644233 0.412222
-0.665181 0.549498 0.505556
-0.583624 0.612805 0.532778
-0.751499 0.528832 0.394444
-0.665181 0.549498 0.505556
-0.751499 0.528832 0.394444
-0.751499 0.528832 0.394444
-0.736525 0.509902 0.444444
-0.728339 0.437004 0.527778
-0.705408 0.440880 0.555000
-0.728339 0.437004 0.527778
-0.660453 0.420288 0.622222
-0.758161 0.379081 0.530556
-0.709053 0.413614 0.571111
-0.738988 0.354714 0.572778
-0.761594 0.351505 0.544444
-0.783310 0.348138 0.515000
-0.718393 0.329264 0.612778
-0.723326 0.271247 0.635000
-0.789604 0.292446 0.539444
-0.772474 0.237684 0.588889
-0.673332 0.275454 0.686111
-0.749357 0.239794 0.617222
-0.798671 0.177482 0.575000
-0.776246 0.179134 0.604444
-0.727247 0.212114 0.652778
-0.705213 0.153307 0.692222
-0.707063 0.092226 0.701111
-0.703938 0.183636 0.686111
-0.706254 0.122827 0.697222
-0.707063 0.092226 0.701111
-0.707063 0.092226 0.701111
-0.680505 0.123728 0.722222
-0.654790 0.093541 0.750000
-0.681272 0.092901 0.726111
-0.680505 0.123728 0.722222
-0.655621 0.031220 0.754444
-0.707063 0.092226 0.701111
-0.707063 0.092226 0.701111
-0.654062 0.124583 0.746111
-0.681272 0.092901 0.726111
-0.707063 0.092226 0.701111
-0.680505 0.123728 0.722222
-0.703938 0.183636 0.686111
-0.703938 0.183636 0.686111
-0.676873 0.215369 0.703889
-0.653125 0.155506 0.741111
-0.651978 0.186279 0.735000
-0.649048 0.247257 0.719444
-0.673332 0.275454 0.686111
-0.647263 0.277399 0.710000
-0.675216 0.245533 0.695556
-0.694011 0.331918 0.638889
-0.647263 0.277399 0.710000
-0.643044 0.336833 0.687778
-0.531497 0.375174 0.759444
-0.688342 0.389063 0.612222
-0.559643 0.373095 0.740000
-0.657165 0.448067 0.606111
-0.582280 0.429049 0.690556
-0.569902 0.539907 0.619444
-0.628594 0.478929 0.612778
-0.519187 0.519187 0.678889
-0.569902 0.539907 0.619444
-0.573313 0.512965 0.638889
-0.546535 0.516172 0.659444
-0.400166 0.584858 0.705556
-0.426290 0.608986 0.668889
-0.460299 0.552359 0.695000
-0.457499 0.579499 0.674444
-0.402570 0.557405 0.726111
-0.423371 0.635057 0.646111
-0.366060 0.640605 0.675000
-0.331918 0.694011 0.638889
-0.280980 0.593181 0.754444
-0.030545 0.733091 0.679444
-0.302816 0.696477 0.650556
-0.213783 0.702429 0.678889
-0.297883 0.744709 0.597222
-0.268980 0.747165 0.607778
-0.271247 0.723326 0.635000
-0.243716 0.700684 0.670556
-0.180708 0.752952 0.632778
-0.091515 0.732120 0.675000
-0.148189 0.800219 0.581111
-0.059494 0.803166 0.592778
-0.030545 0.733091 0.679444
-0.029762 0.803586 0.594444
-0.061534 0.707640 0.703889
-0.061061 0.732727 0.677778
0.091515 0.732120 0.675000
0.061534 0.707640 0.703889
-0.061534 0.707640 0.703889
-0.061061 0.732727 0.677778
0.061534 0.707640 0.703889
0.000000 0.708101 0.706111
-0.092226 0.707063 0.701111
-0.031220 0.655621 0.754444
0.122827 0.706254 0.697222
0.279240 0.620533 0.732778
0.213783 0.702429 0.678889
0.273404 0.698700 0.661111
0.397616 0.611717 0.683889
0.394918 0.637944 0.661111
0.394918 0.637944 0.661111
0.429049 0.582280 0.690556
0.509563 0.599485 0.617222
0.512965 0.573313 0.638889
0.528394 0.645815 0.551111
0.509563 0.599485 0.617222
0.457499 0.579499 0.674444
0.546535 0.516172 0.659444
0.543323 0.543323 0.640000
0.519187 0.519187 0.678889
0.573313 0.512965 0.638889
0.599485 0.509563 0.617222
0.628594 0.478929 0.612778
0.595871 0.536284 0.597778
0.631941 0.451387 0.630000
0.552359 0.460299 0.695000
0.643044 0.336833 0.687778
0.637944 0.394918 0.661111
0.718393 0.329264 0.612778
0.576511 0.485483 0.657222
0.691300 0.360678 0.626111
0.637944 0.394918 0.661111
0.685132 0.417037 0.597222
0.668881 0.334440 0.663889
0.643044 0.336833 0.687778
0.671221 0.305101 0.675556
0.668881 0.334440 0.663889
0.668881 0.334440 0.663889
0.702429 0.213783 0.678889
0.671221 0.305101 0.675556
0.643044 0.336833 0.687778
0.703938 0.183636 0.686111
0.727247 0.212114 0.652778
0.651978 0.186279 0.735000
0.727247 0.212114 0.652778
0.702429 0.213783 0.678889
0.653125 0.155506 0.741111
0.654062 0.124583 0.746111
0.654062 0.124583 0.746111
0.705213 0.153307 0.692222
0.651978 0.186279 0.735000
0.679516 0.154435 0.717222
0.679516 0.154435 0.717222
0.654790 0.093541 0.750000
0.654790 0.093541 0.750000
0.681272 0.092901 0.726111
0.705213 0.153307 0.692222
0.679516 0.154435 0.717222
0.679516 0.154435 0.717222
0.654790 0.093541 0.750000
0.679516 0.154435 0.717222
0.651978 0.186279 0.735000
0.680505 0.123728 0.722222
0.706254 0.122827 0.697222
0.678306 0.184992 0.711111
0.653125 0.155506 0.741111
0.675216 0.245533 0.695556
0.675216 0.245533 0.695556
0.676873 0.215369 0.703889
0.650619 0.216873 0.727778
0.563560 0.313089 0.764444
0.563560 0.313089 0.764444
0.565243 0.282622 0.775000
0.535176 0.314809 0.783889
0.535176 0.314809 0.783889
0.561694 0.343257 0.752778
0.196723 0.295085 0.935000
0.197203 0.262937 0.944444
0.196723 0.295085 0.935000
0.533423 0.345156 0.772222
0.531497 0.375174 0.759444
0.467707 0.467707 0.750000
0.163252 0.359155 0.918889
0.162708 0.390498 0.906111
0.319336 0.447070 0.835556
0.285613 0.507757 0.812778
0.286967 0.478278 0.830000
0.194222 0.420815 0.886111
0.254539 0.509078 0.822222
0.129348 0.452717 0.882222
0.096695 0.483477 0.870000
0.064214 0.513713 0.855556
0.063557 0.572014 0.817778
0.126881 0.570964 0.811111
0.031963 0.543363 0.838889
0.031963 0.543363 0.838889
0.094148 0.627655 0.772778
0.094148 0.627655 0.772778
0.031220 0.655621 0.754444
0.094148 0.627655 0.772778
0.031220 0.655621 0.754444
-0.094148 0.627655 0.772778
-0.094148 0.627655 0.772778
-0.094722 0.599905 0.794444
-0.094148 0.627655 0.772778
-0.093541 0.654790 0.750000
-0.095263 0.571577 0.815000
-0.219645 0.596179 0.772222
-0.218298 0.623709 0.750556
-0.156520 0.626079 0.763889
-0.250432 0.594775 0.763889
-0.188650 0.597392 0.779444
-0.345156 0.533423 0.772222
-0.280980 0.593181 0.754444
-0.341239 0.589412 0.732222
-0.341239 0.589412 0.732222
-0.346937 0.504635 0.790556
-0.282622 0.565243 0.775000
-0.348601 0.475365 0.807778
-0.343257 0.561694 0.752778
-0.348601 0.475365 0.807778
-0.314809 0.535176 0.783889
-0.408933 0.471846 0.781111
-0.465400 0.496427 0.732778
-0.469855 0.438532 0.766111
-0.465400 0.496427 0.732778
-0.436388 0.498729 0.748889
-0.440527 0.440527 0.782222
-0.410779 0.442377 0.797222
-0.471846 0.408933 0.781111
-0.473682 0.378946 0.795000
-0.475365 0.348601 0.807778
-0.471846 0.408933 0.781111
-0.475365 0.348601 0.807778
-0.561694 0.343257 0.752778
-0.473682 0.378946 0.795000
-0.561694 0.343257 0.752778
-0.559643 0.373095 0.740000
-0.536757 0.284165 0.794444
-0.506277 0.316423 0.802222
-0.412489 0.412489 0.812222
-0.506277 0.316423 0.802222
-0.593181 0.280980 0.754444
-0.416829 0.320638 0.850556
-0.507757 0.285613 0.812778
-0.476897 0.317931 0.819444
-0.448354 0.288227 0.846111
-0.563560 0.313089 0.764444
-0.509078 0.254539 0.822222
-0.594775 0.250432 0.763889
-0.596179 0.219645 0.772222
-0.419076 0.257893 0.870556
-0.449499 0.256857 0.855556
-0.509078 0.254539 0.822222
-0.597392 0.188650 0.779444
-0.570964 0.126881 0.811111
-0.421496 0.162114 0.892222
-0.421496 0.162114 0.892222
-0.482974 0.128793 0.866111
-0.482327 0.160776 0.861111
-0.513329 0.096249 0.852778
-0.541390 0.159232 0.825556
-0.542706 0.095772 0.834444
-0.570964 0.126881 0.811111
-0.513329 0.096249 0.852778
-0.512790 0.128197 0.848889
-0.571577 0.095263 0.815000
-0.512790 0.128197 0.848889
-0.482974 0.128793 0.866111
-0.452116 0.161470 0.877222
-0.482974 0.128793 0.866111
-0.571577 0.095263 0.815000
-0.482327 0.160776 0.861111
-0.482327 0.160776 0.861111
-0.570964 0.126881 0.811111
-0.452717 0.129348 0.882222
-0.483477 0.096695 0.870000
-0.482974 0.128793 0.866111
-0.452116 0.161470 0.877222
-0.453185 0.097111 0.886111
-0.484051 0.032270 0.874444
-0.483477 0.096695 0.870000
-0.452116 0.161470 0.877222
-0.482327 0.160776 0.861111
-0.571577 0.095263 0.815000
-0.513329 0.096249 0.852778
-0.571577 0.095263 0.815000
-0.542131 0.127560 0.830556
-0.571577 0.095263 0.815000
-0.453719 0.032408 0.890556
-0.482974 0.128793 0.866111
-0.482974 0.128793 0.866111
-0.452717 0.129348 0.882222
-0.571577 0.095263 0.815000
-0.512790 0.128197 0.848889
-0.570964 0.126881 0.811111
-0.482327 0.160776 0.861111
-0.482327 0.160776 0.861111
-0.570964 0.126881 0.811111
-0.482327 0.160776 0.861111
-0.541390 0.159232 0.825556
-0.482974 0.128793 0.866111
-0.452717 0.129348 0.882222
-0.480596 0.224278 0.847778
-0.479511 0.255739 0.839444
-0.482327 0.160776 0.861111
-0.449499 0.256857 0.855556
-0.389872 0.194936 0.900000
-0.478278 0.286967 0.830000
-0.478278 0.286967 0.830000
-0.387298 0.290474 0.875000
-0.356231 0.291462 0.887778
-0.324846 0.292361 0.899444
-0.292361 0.324846 0.899444
-0.322940 0.355234 0.877222
-0.352913 0.384996 0.852778
-0.351588 0.415513 0.838889
-0.352913 0.384996 0.852778
-0.292361 0.324846 0.899444
-0.321839 0.386207 0.864444
-0.289396 0.418016 0.861111
-0.257893 0.419076 0.870556
-0.130337 0.391010 0.911111
-0.162708 0.390498 0.906111
-0.097852 0.391408 0.915000
-0.096695 0.483477 0.870000
-0.096695 0.483477 0.870000
-0.064788 0.453518 0.888889
0.160030 0.512096 0.843889
0.032764 0.360400 0.932222
0.032537 0.422978 0.905556
0.032121 0.513944 0.857222
0.032270 0.484051 0.874444
0.097496 0.422485 0.901111
0.032537 0.422978 0.905556
0.065282 0.391691 0.917778
0.065045 0.422793 0.903889
0.032121 0.513944 0.857222
0.097496 0.422485 0.901111
0.290474 0.387298 0.875000
0.161470 0.452116 0.877222
0.162114 0.421496 0.892222
0.163252 0.359155 0.918889
0.130337 0.391010 0.911111
0.286967 0.478278 0.830000
0.163252 0.359155 0.918889
0.354128 0.354128 0.865556
0.384996 0.352913 0.852778
0.445647 0.350151 0.823889
0.445647 0.350151 0.823889
0.414067 0.382216 0.826111
0.197203 0.262937 0.944444
0.529395 0.404831 0.745556
0.228454 0.326362 0.917222
0.476897 0.317931 0.819444
0.197203 0.262937 0.944444
0.294534 0.229082 0.927778
0.500863 0.406952 0.763889
0.535176 0.314809 0.783889
0.561694 0.343257 0.752778
0.535176 0.314809 0.783889
0.533423 0.345156 0.772222
0.616542 0.339098 0.710556
0.618640 0.309320 0.722222
0.594775 0.250432 0.763889
0.700684 0.243716 0.670556
0.675216 0.245533 0.695556
0.720987 0.300411 0.624444
0.675216 0.245533 0.695556
0.653125 0.155506 0.741111
0.680505 0.123728 0.722222
0.680505 0.123728 0.722222
0.676873 0.215369 0.703889
0.680505 0.123728 0.722222
0.680505 0.123728 0.722222
0.678306 0.184992 0.711111
0.654790 0.093541 0.750000
0.705213 0.153307 0.692222
0.653125 0.155506 0.741111
0.680505 0.123728 0.722222
0.651978 0.186279 0.735000
0.681272 0.092901 0.726111
0.728835 0.182209 0.660000
0.679516 0.154435 0.717222
0.679516 0.154435 0.717222
0.654790 0.093541 0.750000
0.653125 0.155506 0.741111
0.680505 0.123728 0.722222
0.654790 0.093541 0.750000
0.682149 0.031007 0.730556
0.681272 0.092901 0.726111
0.680505 0.123728 0.722222
0.681272 0.092901 0.726111
0.655725 0.000000 0.755000
0.654062 0.124583 0.746111
0.654062 0.124583 0.746111
0.680505 0.123728 0.722222
0.682258 0.000000 0.731111
0.655725 0.000000 0.755000
0.655725 0.000000 0.755000
0.655725 0.000000 0.755000
0.680505 0.123728 0.722222
0.681820 0.061984 0.728889
0.682149 0.031007 0.730556
0.682149 0.031007 0.730556
0.682149 0.031007 0.730556
0.680505 0.123728 0.722222
0.682149 0.031007 0.730556
0.707640 0.061534 0.703889
0.651978 0.186279 0.735000
0.653125 0.155506 0.741111
0.599905 0.094722 0.794444
0.570964 0.126881 0.811111
0.570175 0.158382 0.806111
0.539409 0.222110 0.812222
0.566745 0.251887 0.784444
0.538168 0.253255 0.803889
0.511246 0.191717 0.837778
0.593181 0.280980 0.754444
0.566745 0.251887 0.784444
0.538168 0.253255 0.803889
0.449499 0.256857 0.855556
0.449499 0.256857 0.855556
0.294534 0.229082 0.927778
0.229642 0.262448 0.937222
0.326976 0.196186 0.924444
0.228454 0.326362 0.917222
0.229082 0.294534 0.927778
0.321839 0.386207 0.864444
0.321839 0.386207 0.864444
0.323942 0.323942 0.888889
0.259724 0.357121 0.897222
0.195590 0.358582 0.912778
0.161470 0.452116 0.877222
0.193448 0.451379 0.871111
0.162708 0.390498 0.906111
0.161470 0.452116 0.877222
0.161470 0.452116 0.877222
0.162708 0.390498 0.906111
0.065045 0.422793 0.903889
0.065045 0.422793 0.903889
0.032537 0.422978 0.905556
0.032270 0.484051 0.874444
0.032270 0.484051 0.874444
0.032270 0.484051 0.874444
0.032408 0.453719 0.890556
0.032121 0.513944 0.857222
0.063557 0.572014 0.817778
-0.063896 0.543117 0.837222
-0.097111 0.453185 0.886111
-0.097111 0.453185 0.886111
-0.063896 0.543117 0.837222
-0.223230 0.510241 0.830556
-0.193448 0.451379 0.871111
-0.255739 0.479511 0.839444
-0.253255 0.538168 0.803889
-0.350151 0.445647 0.823889
-0.350151 0.445647 0.823889
-0.160776 0.482327 0.861111
-0.319336 0.447070 0.835556
-0.348601 0.475365 0.807778
-0.321839 0.386207 0.864444
-0.350151 0.445647 0.823889
-0.319336 0.447070 0.835556
-0.290474 0.387298 0.875000
0.000000 0.708101 0.706111
-0.354128 0.354128 0.865556
-0.322940 0.355234 0.877222
-0.415513 0.351588 0.838889
-0.415513 0.351588 0.838889
-0.445647 0.350151 0.823889
-0.383667 0.383667 0.840000
-0.384996 0.352913 0.852778
0.063557 0.572014 0.817778
-0.415513 0.351588 0.838889
-0.476897 0.317931 0.819444
-0.447070 0.319336 0.835556
-0.448354 0.288227 0.846111
-0.447070 0.319336 0.835556
-0.447070 0.319336 0.835556
-0.448354 0.288227 0.846111
-0.420008 0.226158 0.878889
-0.448354 0.288227 0.846111
-0.420008 0.226158 0.878889
-0.387298 0.290474 0.875000
-0.420815 0.194222 0.886111
-0.479511 0.255739 0.839444
-0.390498 0.162708 0.906111
-0.482327 0.160776 0.861111
-0.422052 0.129862 0.897222
-0.480596 0.224278 0.847778
-0.482974 0.128793 0.866111
-0.420815 0.194222 0.886111
-0.453185 0.097111 0.886111
-0.483477 0.096695 0.870000
-0.453185 0.097111 0.886111
-0.421496 0.162114 0.892222
0.195590 0.358582 0.912778
0.228454 0.326362 0.917222
-0.391408 0.097852 0.915000
-0.391862 0.032655 0.919444
-0.391691 0.065282 0.917778
-0.453518 0.064788 0.888889
-0.453719 0.032408 0.890556
-0.391691 0.065282 0.917778
-0.453518 0.064788 0.888889
-0.453518 0.064788 0.888889
-0.391862 0.032655 0.919444
-0.296564 0.032952 0.954444
-0.360245 0.065499 0.930556
-0.422793 0.065045 0.903889
-0.423040 0.000000 0.906111
-0.422793 0.065045 0.903889
-0.328483 0.065697 0.942222
-0.264286 0.000000 0.964444
-0.360245 0.065499 0.930556
-0.360400 0.032764 0.932222
-0.264136 0.066034 0.962222
-0.328624 0.032862 0.943889
-0.360245 0.065499 0.930556
-0.328483 0.065697 0.942222
-0.296437 0.065875 0.952778
-0.360245 0.065499 0.930556
-0.360245 0.065499 0.930556
-0.328248 0.098474 0.939444
-0.360245 0.065499 0.930556
-0.296437 0.065875 0.952778
-0.295931 0.131525 0.946111
-0.231446 0.099191 0.967778
-0.231446 0.099191 0.967778
-0.327495 0.163748 0.930556
-0.360400 0.032764 0.932222
0.195590 0.358582 0.912778
-0.359622 0.130772 0.923889
-0.359622 0.130772 0.923889
-0.359985 0.098178 0.927778
-0.327495 0.163748 0.930556
-0.327495 0.163748 0.930556
-0.295550 0.164195 0.941111
-0.295550 0.164195 0.941111
-0.295550 0.164195 0.941111
-0.263350 0.164594 0.950556
-0.263350 0.164594 0.950556
-0.197990 0.197990 0.960000
-0.196186 0.326976 0.924444
-0.196723 0.295085 0.935000
-0.197625 0.230562 0.952778
-0.197625 0.230562 0.952778
-0.065697 0.328483 0.942222
-0.066174 0.231609 0.970556
-0.066174 0.231609 0.970556
-0.033101 0.231707 0.972222
-0.066034 0.264136 0.962222
-0.066034 0.264136 0.962222
0.032862 0.328624 0.943889
0.065875 0.296437 0.952778
0.163748 0.327495 0.930556
0.033101 0.231707 0.972222
0.033031 0.264248 0.963889
0.033162 0.198970 0.979444
0.033101 0.231707 0.972222
0.066398 0.165994 0.983889
0.066398 0.165994 0.983889
0.066398 0.165994 0.983889
0.066398 0.165994 0.983889
0.066398 0.165994 0.983889
0.033031 0.264248 0.963889
0.066398 0.165994 0.983889
0.066295 0.198886 0.977778
0.099373 0.198746 0.975000
0.164594 0.263350 0.950556
0.229642 0.262448 0.937222
0.230923 0.164945 0.958889
0.197990 0.197990 0.960000
0.295550 0.164195 0.941111
0.230562 0.197625 0.952778
0.388273 0.258848 0.884444
0.295550 0.164195 0.941111
0.357121 0.259724 0.897222
0.295550 0.164195 0.941111
0.479511 0.255739 0.839444
0.294534 0.229082 0.927778
0.326976 0.196186 0.924444
0.358582 0.195590 0.912778
0.326976 0.196186 0.924444
0.357905 0.227757 0.905556
0.326976 0.196186 0.924444
0.512096 0.160030 0.843889
0.420815 0.194222 0.886111
0.452116 0.161470 0.877222
0.327495 0.163748 0.930556
0.327495 0.163748 0.930556
0.482327 0.160776 0.861111
0.451379 0.193448 0.871111
0.421496 0.162114 0.892222
0.512096 0.160030 0.843889
0.452116 0.161470 0.877222
0.420008 0.226158 0.878889
0.451379 0.193448 0.871111
0.482327 0.160776 0.861111
0.448354 0.288227 0.846111
0.295550 0.164195 0.941111
0.480596 0.224278 0.847778
0.480596 0.224278 0.847778
0.481534 0.192614 0.855000
0.506277 0.316423 0.802222
0.480596 0.224278 0.847778
0.511246 0.191717 0.837778
0.510241 0.223230 0.830556
0.570175 0.158382 0.806111
0.569210 0.189737 0.800000
0.538168 0.253255 0.803889
0.538168 0.253255 0.803889
0.538168 0.253255 0.803889
0.565243 0.282622 0.775000
0.535176 0.314809 0.783889
0.594775 0.250432 0.763889
0.479511 0.255739 0.839444
0.535176 0.314809 0.783889
0.536757 0.284165 0.794444
0.539409 0.222110 0.812222
0.449499 0.256857 0.855556
0.476897 0.317931 0.819444
0.509078 0.254539 0.822222
0.326362 0.228454 0.917222
0.389130 0.226993 0.892778
0.229082 0.294534 0.927778
0.292361 0.324846 0.899444
0.356231 0.291462 0.887778
0.290474 0.387298 0.875000
0.290474 0.387298 0.875000
0.324846 0.292361 0.899444
0.226158 0.420008 0.878889
0.226993 0.389130 0.892778
0.226993 0.389130 0.892778
0.194936 0.389872 0.900000
0.065499 0.360245 0.930556
0.032408 0.453719 0.890556
0.032537 0.422978 0.905556
0.032764 0.360400 0.932222
0.032655 0.391862 0.919444
0.032862 0.328624 0.943889
-0.064788 0.453518 0.888889
0.032408 0.453719 0.890556
0.032270 0.484051 0.874444
-0.097496 0.422485 0.901111
-0.097852 0.391408 0.915000
-0.163252 0.359155 0.918889
-0.195590 0.358582 0.912778
-0.227757 0.357905 0.905556
-0.226158 0.420008 0.878889
-0.258848 0.388273 0.884444
-0.291462 0.356231 0.887778
-0.163252 0.359155 0.918889
-0.291462 0.356231 0.887778
-0.290474 0.387298 0.875000
-0.324846 0.292361 0.899444
-0.261241 0.293896 0.919444
-0.162708 0.390498 0.906111
-0.325652 0.260522 0.908889
-0.259724 0.357121 0.897222
-0.294534 0.229082 0.927778
-0.355234 0.322940 0.877222
-0.324846 0.292361 0.899444
-0.355234 0.322940 0.877222
-0.326362 0.228454 0.917222
-0.325652 0.260522 0.908889
-0.326362 0.228454 0.917222
-0.293896 0.261241 0.919444
-0.358582 0.195590 0.912778
-0.357121 0.259724 0.897222
-0.295550 0.164195 0.941111
0.129862 0.422052 0.897222
-0.357121 0.259724 0.897222
-0.325652 0.260522 0.908889
-0.261883 0.261883 0.928889
-0.230135 0.230135 0.945556
-0.327919 0.131168 0.935556
-0.295085 0.196723 0.935000
-0.197625 0.230562 0.952778
-0.358582 0.195590 0.912778
-0.263687 0.131844 0.955556
-0.230135 0.230135 0.945556
-0.327495 0.163748 0.930556
-0.263350 0.164594 0.950556
-0.263350 0.164594 0.950556
-0.295931 0.131525 0.946111
-0.295931 0.131525 0.946111
-0.295931 0.131525 0.946111
-0.294534 0.229082 0.927778
-0.295931 0.131525 0.946111
-0.295931 0.131525 0.946111
-0.295550 0.164195 0.941111
-0.263350 0.164594 0.950556
-0.295550 0.164195 0.941111
-0.263350 0.164594 0.950556
-0.263350 0.164594 0.950556
-0.263350 0.164594 0.950556
0.229082 0.294534 0.927778
-0.132367 0.198550 0.971111
-0.165249 0.198298 0.966111
-0.231217 0.132124 0.963889
-0.198550 0.132367 0.971111
-0.132870 0.099652 0.986111
-0.165505 0.165505 0.972222
-0.165878 0.099527 0.981111
-0.198298 0.165249 0.966111
-0.165505 0.165505 0.972222
-0.099652 0.132870 0.986111
-0.165878 0.099527 0.981111
-0.099191 0.231446 0.967778
-0.066174 0.231609 0.970556
-0.099652 0.132870 0.986111
-0.099527 0.165878 0.981111
-0.066398 0.165994 0.983889
0.262448 0.229642 0.937222
0.066398 0.165994 0.983889
0.066398 0.165994 0.983889
0.099373 0.198746 0.975000
0.294534 0.229082 0.927778
0.261883 0.261883 0.928889
0.132367 0.198550 0.971111
0.198550 0.132367 0.971111
0.066398 0.165994 0.983889
0.198746 0.099373 0.975000
0.231217 0.132124 0.963889
0.230923 0.164945 0.958889
0.132739 0.132739 0.982222
0.099750 0.099750 0.990000
0.099373 0.198746 0.975000
0.099527 0.165878 0.981111
0.165878 0.099527 0.981111
0.164945 0.230923 0.958889
0.198746 0.099373 0.975000
0.165715 0.132572 0.977222
0.263687 0.131844 0.955556
0.294534 0.229082 0.927778
0.326362 0.228454 0.917222
0.230923 0.164945 0.958889
0.326976 0.196186 0.924444
0.389872 0.194936 0.900000
0.391010 0.130337 0.911111
0.326362 0.228454 0.917222
0.326362 0.228454 0.917222
0.326976 0.196186 0.924444
0.326976 0.196186 0.924444
0.357905 0.227757 0.905556
0.421496 0.162114 0.892222
0.390498 0.162708 0.906111
0.389872 0.194936 0.900000
0.326976 0.196186 0.924444
0.325652 0.260522 0.908889
0.479511 0.255739 0.839444
0.510241 0.223230 0.830556
0.325652 0.260522 0.908889
0.357905 0.227757 0.905556
0.325652 0.260522 0.908889
0.294534 0.229082 0.927778
0.295085 0.196723 0.935000
0.326362 0.228454 0.917222
0.326362 0.228454 0.917222
0.295085 0.196723 0.935000
0.326976 0.196186 0.924444
0.231446 0.099191 0.967778
0.165715 0.132572 0.977222
0.099652 0.132870 0.986111
0.165505 0.165505 0.972222
0.165505 0.165505 0.972222
0.099373 0.198746 0.975000
0.198298 0.165249 0.966111
0.165249 0.198298 0.966111
0.132367 0.198550 0.971111
0.132739 0.132739 0.982222
0.033162 0.198970 0.979444
0.066481 0.132962 0.988889
0.066295 0.198886 0.977778
0.033255 0.133018 0.990556
0.033255 0.133018 0.990556
-0.033287 0.099861 0.994444
-0.099750 0.099750 0.990000
-0.066034 0.264136 0.962222
0.000000 0.166087 0.986111
-0.099750 0.099750 0.990000
-0.132367 0.198550 0.971111
-0.099373 0.198746 0.975000
-0.066546 0.099819 0.992778
-0.099527 0.165878 0.981111
-0.196723 0.295085 0.935000
-0.230923 0.164945 0.958889
-0.132739 0.132739 0.982222
-0.198746 0.099373 0.975000
-0.231217 0.132124 0.963889
-0.165505 0.165505 0.972222
-0.198550 0.132367 0.971111
-0.263687 0.131844 0.955556
-0.295085 0.196723 0.935000
-0.230923 0.164945 0.958889
-0.295931 0.131525 0.946111
-0.327919 0.131168 0.935556
-0.132739 0.132739 0.982222
-0.359155 0.163252 0.918889
-0.132367 0.198550 0.971111
-0.327919 0.131168 0.935556
-0.356231 0.291462 0.887778
-0.359622 0.130772 0.923889
-0.357121 0.259724 0.897222
-0.325652 0.260522 0.908889
-0.262937 0.197203 0.944444
-0.262937 0.197203 0.944444
-0.294534 0.229082 0.927778
-0.262448 0.229642 0.937222
-0.262448 0.229642 0.937222
-0.262937 0.197203 0.944444
-0.293896 0.261241 0.919444
-0.355234 0.322940 0.877222
-0.325652 0.260522 0.908889
-0.357905 0.227757 0.905556
-0.325652 0.260522 0.908889
-0.357905 0.227757 0.905556
-0.326362 0.228454 0.917222
-0.259724 0.357121 0.897222
-0.356231 0.291462 0.887778
-0.293896 0.261241 0.919444
-0.325652 0.260522 0.908889
-0.356231 0.291462 0.887778
-0.229642 0.262448 0.937222
-0.323942 0.323942 0.888889
-0.228454 0.326362 0.917222
-0.293172 0.293172 0.910000
-0.292361 0.324846 0.899444
-0.196723 0.295085 0.935000
-0.258848 0.388273 0.884444
-0.163252 0.359155 0.918889
-0.228454 0.326362 0.917222
-0.228454 0.326362 0.917222
-0.098742 0.296226 0.950000
-0.162114 0.421496 0.892222
-0.065045 0.422793 0.903889
-0.065282 0.391691 0.917778
-0.065045 0.422793 0.903889
0.032537 0.422978 0.905556
0.065045 0.422793 0.903889
0.032537 0.422978 0.905556
-0.065282 0.391691 0.917778
0.065499 0.360245 0.930556
0.160776 0.482327 0.861111
-0.065045 0.422793 0.903889
0.065697 0.328483 0.942222
0.064788 0.453518 0.888889
0.064511 0.483836 0.872778
0.065282 0.391691 0.917778
0.065045 0.422793 0.903889
0.065499 0.360245 0.930556
0.065499 0.360245 0.930556
0.065875 0.296437 0.952778
0.065045 0.422793 0.903889
0.032537 0.422978 0.905556
0.032537 0.422978 0.905556
0.065282 0.391691 0.917778
0.066034 0.264136 0.962222
0.065282 0.391691 0.917778
0.065282 0.391691 0.917778
0.065282 0.391691 0.917778
0.164594 0.263350 0.950556
0.164945 0.230923 0.958889
0.164945 0.230923 0.958889
0.099191 0.231446 0.967778
0.099191 0.231446 0.967778
0.098981 0.263949 0.959444
0.098742 0.296226 0.950000
0.197203 0.262937 0.944444
0.099191 0.231446 0.967778
0.132367 0.198550 0.971111
0.098981 0.263949 0.959444
0.198298 0.165249 0.966111
0.099191 0.231446 0.967778
0.098742 0.296226 0.950000
0.099373 0.198746 0.975000
0.196723 0.295085 0.935000
0.263949 0.098981 0.959444
0.230562 0.197625 0.952778
0.197990 0.197990 0.960000
0.198298 0.165249 0.966111
0.099652 0.132870 0.986111
0.165715 0.132572 0.977222
0.099652 0.132870 0.986111
0.099652 0.132870 0.986111
0.099527 0.165878 0.981111
0.099527 0.165878 0.981111
0.099527 0.165878 0.981111
0.295931 0.131525 0.946111
0.099373 0.198746 0.975000
0.165715 0.132572 0.977222
0.099750 0.099750 0.990000
0.165878 0.099527 0.981111
0.165878 0.099527 0.981111
0.231217 0.132124 0.963889
0.066398 0.165994 0.983889
0.099750 0.099750 0.990000
0.198298 0.165249 0.966111
0.198298 0.165249 0.966111
0.198550 0.132367 0.971111
0.033213 0.166064 0.985556
0.066481 0.132962 0.988889
0.033162 0.198970 0.979444
0.066295 0.198886 0.977778
0.066546 0.099819 0.992778
0.033031 0.264248 0.963889
0.033213 0.166064 0.985556
-0.033213 0.166064 0.985556
0.033255 0.133018 0.990556
-0.099652 0.132870 0.986111
-0.099652 0.132870 0.986111
-0.066034 0.264136 0.962222
-0.099191 0.231446 0.967778
-0.066174 0.231609 0.970556
-0.099373 0.198746 0.975000
-0.099191 0.231446 0.967778
-0.099191 0.231446 0.967778
-0.099373 0.198746 0.975000
-0.066481 0.132962 0.988889
-0.099527 0.165878 0.981111
-0.099750 0.099750 0.990000
-0.132739 0.132739 0.982222
-0.165715 0.132572 0.977222
-0.164945 0.230923 0.958889
-0.066481 0.132962 0.988889
-0.196186 0.326976 0.924444
-0.099527 0.165878 0.981111
-0.132870 0.099652 0.986111
-0.132739 0.132739 0.982222
-0.196186 0.326976 0.924444
-0.066295 0.198886 0.977778
-0.197990 0.197990 0.960000
0.000000 0.296606 0.955000
-0.099373 0.198746 0.975000
-0.196186 0.326976 0.924444
-0.132124 0.231217 0.963889
-0.230135 0.230135 0.945556
-0.066034 0.264136 0.962222
-0.098474 0.328248 0.939444
-0.033101 0.231707 0.972222
-0.197990 0.197990 0.960000
-0.098742 0.296226 0.950000
-0.065875 0.296437 0.952778
-0.164945 0.230923 0.958889
-0.066034 0.264136 0.962222
-0.066034 0.264136 0.962222
-0.098742 0.296226 0.950000
-0.098742 0.296226 0.950000
-0.066174 0.231609 0.970556
-0.098981 0.263949 0.959444
0.098742 0.296226 0.950000
0.032764 0.360400 0.932222
0.032764 0.360400 0.932222
0.032952 0.296564 0.954444
0.032764 0.360400 0.932222
0.098178 0.359985 0.927778
0.032862 0.328624 0.943889
0.065875 0.296437 0.952778
0.065697 0.328483 0.942222
0.098742 0.296226 0.950000
0.033031 0.264248 0.963889
0.033101 0.231707 0.972222
0.099373 0.198746 0.975000
0.033031 0.264248 0.963889
0.098178 0.359985 0.927778
0.033101 0.231707 0.972222
0.131525 0.295931 0.946111
0.065697 0.328483 0.942222
0.066174 0.231609 0.970556
0.099373 0.198746 0.975000
0.066295 0.198886 0.977778
0.066295 0.198886 0.977778
0.099527 0.165878 0.981111
0.066398 0.165994 0.983889
0.132739 0.132739 0.982222
0.099652 0.132870 0.986111
0.295085 0.196723 0.935000
0.099527 0.165878 0.981111
0.165505 0.165505 0.972222
0.165505 0.165505 0.972222
0.165505 0.165505 0.972222
0.165249 0.198298 0.966111
0.099750 0.099750 0.990000
0.165878 0.099527 0.981111
0.132739 0.132739 0.982222
0.198298 0.165249 0.966111
0.099750 0.099750 0.990000
0.326976 0.196186 0.924444
0.033255 0.133018 0.990556
0.033255 0.133018 0.990556
-0.033213 0.166064 0.985556
0.262448 0.229642 0.937222
0.262448 0.229642 0.937222
-0.099373 0.198746 0.975000
-0.033310 0.066620 0.997222
0.228454 0.326362 0.917222
-0.099819 0.066546 0.992778
-0.066398 0.165994 0.983889
-0.099527 0.165878 0.981111
-0.165505 0.165505 0.972222
-0.132367 0.198550 0.971111
-0.198298 0.165249 0.966111
-0.198550 0.132367 0.971111
-0.230923 0.164945 0.958889
-0.196186 0.326976 0.924444
-0.196186 0.326976 0.924444
-0.229082 0.294534 0.927778
-0.229082 0.294534 0.927778
-0.164945 0.230923 0.958889
-0.164945 0.230923 0.958889
-0.196186 0.326976 0.924444
-0.132124 0.231217 0.963889
-0.228454 0.326362 0.917222
-0.228454 0.326362 0.917222
0.000000 0.264286 0.964444
-0.164594 0.263350 0.950556
-0.229082 0.294534 0.927778
-0.098981 0.263949 0.959444
-0.229642 0.262448 0.937222
-0.229642 0.262448 0.937222
-0.229082 0.294534 0.927778
-0.098981 0.263949 0.959444
-0.065875 0.296437 0.952778
-0.098742 0.296226 0.950000
-0.098981 0.263949 0.959444
-0.098474 0.328248 0.939444
-0.032862 0.328624 0.943889
-0.065499 0.360245 0.930556
-0.098178 0.359985 0.927778
0.032764 0.360400 0.932222
0.098474 0.328248 0.939444
0.032655 0.391862 0.919444
0.032764 0.360400 0.932222
0.032862 0.328624 0.943889
0.032862 0.328624 0.943889
0.032952 0.296564 0.954444
0.032862 0.328624 0.943889
0.032764 0.360400 0.932222
0.032862 0.328624 0.943889
0.032655 0.391862 0.919444
0.032537 0.422978 0.905556
0.032655 0.391862 0.919444
0.065875 0.296437 0.952778
0.065697 0.328483 0.942222
0.065697 0.328483 0.942222
0.163748 0.327495 0.930556
0.197203 0.262937 0.944444
0.164195 0.295550 0.941111
0.098742 0.296226 0.950000
0.164945 0.230923 0.958889
0.164594 0.263350 0.950556
0.164195 0.295550 0.941111
0.164594 0.263350 0.950556
0.164594 0.263350 0.950556
0.196723 0.295085 0.935000
0.165715 0.132572 0.977222
0.230135 0.230135 0.945556
0.132739 0.132739 0.982222
0.132739 0.132739 0.982222
0.165878 0.099527 0.981111
0.099652 0.132870 0.986111
0.099373 0.198746 0.975000
0.231609 0.066174 0.970556
0.099373 0.198746 0.975000
0.295931 0.131525 0.946111
0.198550 0.132367 0.971111
0.230562 0.197625 0.952778
0.263350 0.164594 0.950556
0.132962 0.066481 0.988889
0.066593 0.066593 0.995556
0.066546 0.099819 0.992778
0.033255 0.133018 0.990556
0.132367 0.198550 0.971111
0.033255 0.133018 0.990556
0.066546 0.099819 0.992778
-0.066481 0.132962 0.988889
0.066398 0.165994 0.983889
0.033324 0.033324 0.998889
-0.099373 0.198746 0.975000
-0.032862 0.328624 0.943889
0.132870 0.099652 0.986111
-0.099750 0.099750 0.990000
-0.198550 0.132367 0.971111
-0.099527 0.165878 0.981111
-0.132572 0.165715 0.977222
-0.197990 0.197990 0.960000
-0.230923 0.164945 0.958889
-0.196186 0.326976 0.924444
-0.132870 0.099652 0.986111
-0.229082 0.294534 0.927778
-0.228454 0.326362 0.917222
-0.163748 0.327495 0.930556
-0.198550 0.132367 0.971111
-0.196186 0.326976 0.924444
0.162114 0.421496 0.892222
0.194936 0.389872 0.900000
-0.032952 0.296564 0.954444
-0.229642 0.262448 0.937222
-0.229642 0.262448 0.937222
-0.066034 0.264136 0.962222
-0.229642 0.262448 0.937222
-0.229642 0.262448 0.937222
-0.197203 0.262937 0.944444
-0.098742 0.296226 0.950000
-0.098178 0.359985 0.927778
-0.097496 0.422485 0.901111
-0.097496 0.422485 0.901111
-0.097852 0.391408 0.915000
0.032655 0.391862 0.919444
-0.098178 0.359985 0.927778
0.032764 0.360400 0.932222
0.032952 0.296564 0.954444
0.032764 0.360400 0.932222
0.032952 0.296564 0.954444
0.000000 0.391918 0.920000
0.032862 0.328624 0.943889
0.065282 0.391691 0.917778
0.032764 0.360400 0.932222
0.032537 0.422978 0.905556
0.033031 0.264248 0.963889
0.065875 0.296437 0.952778
0.032952 0.296564 0.954444
0.065282 0.391691 0.917778
0.163748 0.327495 0.930556
0.098742 0.296226 0.950000
0.098742 0.296226 0.950000
