0.877056 -0.417646 0.237372
0.863189 -0.445517 0.237528
0.873128 -0.408399 0.266192
0.818059 -0.507761 0.270107
0.855851 -0.448971 0.256794
0.834786 -0.446179 0.322578
0.814426 -0.538350 0.216540
0.821633 -0.495813 0.281228
0.814369 -0.519511 0.258673
0.807574 -0.490313 0.327747
0.818059 -0.507761 0.270107
0.788367 -0.530356 0.311771
0.768374 -0.569166 0.292662
0.756694 -0.602553 0.253661
0.768374 -0.569166 0.292662
0.734336 -0.621362 0.273240
0.511127 -0.736624 0.442869
0.518421 -0.755414 0.400736
0.526959 -0.722687 0.447255
0.528020 -0.762696 0.373483
0.511127 -0.736624 0.442869
0.515427 -0.765777 0.384603
0.508373 -0.747608 0.427363
0.521340 -0.744772 0.416556
0.524850 -0.772695 0.357037
0.521340 -0.744772 0.416556
0.508373 -0.747608 0.427363
0.524186 -0.733861 0.432062
0.499680 -0.778913 0.378965
0.518266 -0.791795 0.323205
0.479282 -0.763856 0.432219
0.465901 -0.766483 0.442086
0.441895 -0.810140 0.385230
0.436263 -0.828899 0.350145
0.439113 -0.819677 0.367844
0.422502 -0.784646 0.453677
0.410866 -0.776080 0.478424
0.394599 -0.789198 0.470593
0.366180 -0.793390 0.486256
0.329597 -0.838973 0.433002
0.304571 -0.822341 0.480617
0.299158 -0.852600 0.428460
0.207716 -0.890211 0.405435
0.341590 -0.846549 0.408254
0.225105 -0.870407 0.437857
0.206311 -0.898925 0.386483
-0.066765 -0.988126 0.138382
0.044369 -0.916959 0.396507
0.030373 -0.880822 0.472472
-0.029990 -0.899685 0.435508
-0.030373 -0.880822 0.472472
-0.029588 -0.917216 0.397290
-0.029588 -0.917216 0.397290
-0.089214 -0.907013 0.411544
-0.087978 -0.923772 0.372700
-0.133487 -0.904746 0.404495
-0.245647 -0.910341 0.333072
-0.417648 -0.805465 0.420471
-0.283484 -0.944946 0.163443
-0.296122 -0.942207 0.156708
-0.298896 -0.937447 0.178479
-0.311825 -0.907128 0.282638
-0.367055 -0.889403 0.272457
-0.375299 -0.866074 0.330253
-0.364458 -0.860120 0.356880
-0.338257 -0.902018 0.268228
-0.396512 -0.837080 0.376928
-0.377919 -0.857585 0.348892
-0.364175 -0.896431 0.252565
-0.348705 -0.925408 0.148406
-0.385414 -0.830123 0.402929
-0.436263 -0.828899 0.350145
-0.436645 -0.859205 0.266661
-0.458850 -0.831666 0.312710
-0.452344 -0.848145 0.275746
-0.496634 -0.788772 0.362205
-0.569166 -0.768374 0.292662
-0.571337 -0.732483 0.370193
-0.536415 -0.842937 0.041428
-0.594528 -0.801321 0.066489
-0.594528 -0.801321 0.066489
-0.594528 -0.801321 0.066489
-0.594528 -0.801321 0.066489
-0.594528 -0.801321 0.066489
-0.560223 -0.827602 0.035007
-0.574687 -0.817332 0.041272
-0.574687 -0.817332 0.041272
-0.666709 -0.708378 0.231733
-0.698934 -0.670976 0.247553
-0.683381 -0.722807 0.102671
-0.680053 -0.731377 0.051139
-0.704454 -0.704454 0.086538
-0.799252 -0.586118 0.132900
-0.784371 -0.619906 0.021850
-0.778961 -0.625723 0.041115
-0.778397 -0.627740 0.006343
-0.778961 -0.625723 0.041115
-0.784371 -0.619906 0.021850
-0.789350 -0.613939 0.002271
-0.833222 -0.546802 0.082152
-0.833222 -0.546802 0.082152
-0.875084 -0.457736 0.157178
-0.862983 -0.496869 0.091550
-0.880634 -0.453660 0.136659
-0.880634 -0.453660 0.136659
-0.876438 -0.464778 0.125852
-0.872098 -0.475690 0.114731
-0.892387 -0.419152 0.167202
-0.888607 -0.430840 0.157334
-0.899544 -0.395254 0.185997
-0.888607 -0.430840 0.157334
-0.892387 -0.419152 0.167202
-0.906172 -0.370707 0.203540
-0.931698 -0.324069 0.164069
-0.909292 -0.358206 0.211841
-0.939332 -0.308638 0.149659
-0.939332 -0.308638 0.149659
-0.937447 -0.298896 0.178479
-0.939687 -0.262560 0.219203
-0.934639 -0.311546 0.171431
-0.936320 -0.321024 0.142298
-0.926619 -0.327042 0.185527
-0.936320 -0.321024 0.142298
-0.908785 -0.335551 0.248023
-0.926619 -0.327042 0.185527
-0.923904 -0.317161 0.214034
-0.931698 -0.324069 0.164069
-0.923615 -0.339564 0.177853
-0.932234 -0.301605 0.199937
-0.912284 -0.345562 0.219829
-0.929492 -0.314387 0.192889
-0.915149 -0.332782 0.227504
-0.934639 -0.311546 0.171431
-0.892190 -0.354044 0.280445
-0.923615 -0.339564 0.177853
-0.923615 -0.339564 0.177853
-0.899544 -0.395254 0.185997
-0.884690 -0.442345 0.147153
-0.879043 -0.446284 0.167672
-0.892387 -0.419152 0.167202
-0.892387 -0.419152 0.167202
-0.870988 -0.468994 0.146370
-0.833222 -0.546802 0.082152
-0.870988 -0.468994 0.146370
-0.855851 -0.448971 0.256794
-0.814426 -0.538350 0.216540
-0.845064 -0.484873 0.225311
-0.816881 -0.566546 0.108309
-0.802579 -0.553502 0.222492
-0.804044 -0.576232 0.146527
-0.804044 -0.576232 0.146527
-0.752571 -0.613206 0.240034
-0.728583 -0.614295 0.302999
-0.755332 -0.584313 0.296734
-0.728583 -0.614295 0.302999
-0.718620 -0.618013 0.318819
-0.680100 -0.651160 0.336831
-0.672689 -0.643442 0.365338
-0.640000 -0.683637 0.350771
-0.574687 -0.817332 0.041272
-0.521670 -0.852485 0.033597
-0.603067 -0.732295 0.316313
-0.589892 -0.707870 0.388519
-0.497162 -0.866846 0.037513
-0.487222 -0.871870 0.049573
-0.388277 -0.918921 0.069465
-0.415131 -0.815436 0.403399
-0.385414 -0.830123 0.402929
-0.441895 -0.810140 0.385230
-0.417648 -0.805465 0.420471
-0.311439 -0.947294 0.075104
-0.297266 -0.862071 0.410447
-0.268666 -0.865701 0.422351
-0.135262 -0.886715 0.442086
-0.355533 -0.772899 0.525570
-0.118768 -0.905603 0.407158
-0.029167 -0.933335 0.357820
-0.090395 -0.888880 0.449135
-0.014692 -0.925615 0.378182
0.000000 -0.890607 0.454773
0.153816 -0.845988 0.510533
0.206311 -0.898925 0.386483
0.238169 -0.878248 0.414676
0.249201 -0.894191 0.371916
0.273635 -0.836106 0.475448
0.348463 -0.871158 0.345916
0.331590 -0.828975 0.450388
0.341590 -0.846549 0.408254
0.387795 -0.820336 0.420315
0.396512 -0.837080 0.376928
0.441895 -0.810140 0.385230
0.441895 -0.810140 0.385230
0.439113 -0.819677 0.367844
0.444609 -0.800297 0.402302
0.460608 -0.787492 0.409507
0.465901 -0.766483 0.442086
0.460608 -0.787492 0.409507
0.508373 -0.747608 0.427363
0.500491 -0.727986 0.468557
0.497895 -0.739298 0.453364
0.546726 -0.738819 0.394001
0.568029 -0.742807 0.354374
0.526959 -0.722687 0.447255
0.586643 -0.676896 0.444592
0.526959 -0.722687 0.447255
0.505483 -0.704613 0.498003
0.665708 -0.665708 0.337145
0.505483 -0.704613 0.498003
0.518421 -0.755414 0.400736
0.497895 -0.739298 0.453364
0.491828 -0.707003 0.508184
0.511127 -0.736624 0.442869
0.516426 -0.713883 0.472942
0.708550 -0.542719 0.451014
0.513811 -0.725380 0.458062
0.714071 -0.565307 0.412953
0.714071 -0.565307 0.412953
0.739406 -0.579926 0.342000
0.777418 -0.565395 0.275589
0.759018 -0.572844 0.309421
0.810759 -0.477769 0.338241
0.735700 -0.559132 0.382254
0.806034 -0.523215 0.276686
0.758322 -0.505548 0.411544
0.765777 -0.515427 0.384603
0.779727 -0.449843 0.435508
0.790156 -0.447258 0.419062
0.769018 -0.452363 0.451641
0.777128 -0.463288 0.425953
0.769018 -0.452363 0.451641
0.791805 -0.483881 0.372700
0.785637 -0.509209 0.351398
0.785637 -0.509209 0.351398
0.810247 -0.390119 0.437387
0.812838 -0.428587 0.394471
0.812495 -0.376155 0.445376
0.830123 -0.385414 0.402929
0.810140 -0.441895 0.385230
0.815436 -0.415131 0.403399
0.820336 -0.387795 0.420315
0.836907 -0.343730 0.425953
0.832483 -0.371644 0.410917
0.846176 -0.393910 0.358916
0.851233 -0.366911 0.375206
0.832483 -0.371644 0.410917
0.827663 -0.399052 0.394628
0.827663 -0.399052 0.394628
0.832483 -0.371644 0.410917
0.837080 -0.396512 0.376928
0.827663 -0.399052 0.394628
0.827663 -0.399052 0.394628
0.850681 -0.313409 0.422038
0.827663 -0.399052 0.394628
0.834744 -0.357747 0.418592
0.850681 -0.313409 0.422038
0.853605 -0.353216 0.382880
0.854421 -0.284807 0.434568
0.850681 -0.313409 0.422038
0.820336 -0.387795 0.420315
0.820336 -0.387795 0.420315
0.820336 -0.387795 0.420315
0.820336 -0.387795 0.420315
0.825103 -0.412552 0.386013
0.820336 -0.387795 0.420315
0.820336 -0.387795 0.420315
0.805465 -0.417648 0.420471
0.802930 -0.431203 0.411544
0.818679 -0.333536 0.467460
0.812838 -0.428587 0.394471
0.812838 -0.428587 0.394471
0.788772 -0.496634 0.362205
0.788772 -0.496634 0.362205
0.763856 -0.479282 0.432219
0.769018 -0.452363 0.451641
0.794736 -0.470954 0.382880
0.761136 -0.492500 0.422038
0.718876 -0.489448 0.493617
0.696946 -0.545436 0.465581
0.482433 -0.684744 0.546245
0.484555 -0.672124 0.559872
0.482433 -0.684744 0.546245
0.491828 -0.707003 0.508184
0.643242 -0.581980 0.497533
0.489448 -0.718876 0.493617
0.503020 -0.716422 0.483436
0.482433 -0.684744 0.546245
0.489448 -0.718876 0.493617
0.489448 -0.718876 0.493617
0.487004 -0.730505 0.478738
0.511127 -0.736624 0.442869
0.524186 -0.733861 0.432062
0.511127 -0.736624 0.442869
0.459554 -0.735287 0.498160
0.457218 -0.746790 0.482967
0.396758 -0.778255 0.486726
0.466208 -0.699313 0.541859
0.400916 -0.755572 0.518052
0.402917 -0.743847 0.533245
0.362474 -0.724948 0.585715
0.326081 -0.776382 0.539353
0.311200 -0.778000 0.545775
0.282552 -0.769170 0.573185
0.317252 -0.830897 0.457123
0.169968 -0.834388 0.524317
0.169968 -0.834388 0.524317
0.170900 -0.823426 0.541076
0.167035 -0.865543 0.472159
0.000000 -0.860879 0.508810
0.015460 -0.850320 0.526040
-0.015282 -0.871051 0.490955
-0.030184 -0.890415 0.454147
-0.030558 -0.870914 0.490485
-0.276754 -0.814887 0.509280
-0.263271 -0.805299 0.531208
-0.272018 -0.846277 0.458062
-0.260080 -0.962297 0.079646
-0.311439 -0.947294 0.075104
-0.528504 -0.652858 0.542642
-0.561126 -0.682451 0.468400
-0.513811 -0.725380 0.458062
-0.635219 -0.620095 0.460412
-0.576722 -0.667783 0.470593
-0.637972 -0.607593 0.473099
-0.626473 -0.656305 0.420471
-0.635219 -0.620095 0.460412
-0.626473 -0.656305 0.420471
-0.628123 -0.597483 0.498473
-0.696946 -0.545436 0.465581
-0.694222 -0.558396 0.454147
-0.677948 -0.523869 0.515702
-0.696946 -0.545436 0.465581
-0.728059 -0.549759 0.409507
-0.758036 -0.454821 0.467460
-0.753003 -0.481922 0.448038
-0.753003 -0.481922 0.448038
-0.750351 -0.495232 0.437857
-0.764922 -0.413058 0.494244
-0.760419 -0.441043 0.476701
-0.795199 -0.420105 0.437231
-0.772899 -0.355533 0.525570
-0.807904 -0.403952 0.429086
-0.814649 -0.362066 0.453050
-0.822341 -0.304571 0.480617
-0.852600 -0.299158 0.428460
-0.855874 -0.339398 0.390242
-0.862071 -0.297266 0.410447
-0.859305 -0.241208 0.451014
-0.862071 -0.297266 0.410447
-0.870407 -0.225105 0.437857
-0.894191 -0.249201 0.371916
-0.883839 -0.265152 0.385386
-0.897452 -0.220685 0.381941
-0.901562 -0.177356 0.394628
-0.894191 -0.249201 0.371916
-0.897452 -0.220685 0.381941
-0.897452 -0.220685 0.381941
-0.907566 -0.074391 0.413267
-0.884787 -0.164960 0.435821
-0.908622 -0.029791 0.416556
-0.893924 -0.163886 0.417182
-0.911181 -0.161661 0.378965
-0.914126 -0.117952 0.387893
-0.922295 -0.117117 0.368314
-0.916959 -0.044369 0.396507
-0.917370 -0.014796 0.397760
-0.906359 -0.104008 0.409507
-0.915569 -0.088603 0.392278
-0.925615 -0.014692 0.378182
-0.899832 -0.014997 0.435978
-0.930100 -0.116262 0.348422
-0.947958 0.028726 0.317096
-0.948127 0.014366 0.317566
-0.947958 0.028726 0.317096
-0.907566 -0.074391 0.413267
-0.917216 -0.029588 0.397290
-0.917216 -0.029588 0.397290
-0.913249 -0.132568 0.385230
-0.931706 -0.186341 0.311771
-0.924410 -0.187771 0.331976
-0.893924 -0.163886 0.417182
-0.947958 0.028726 0.317096
-0.893924 -0.163886 0.417182
-0.873058 -0.195685 0.446629
-0.897452 -0.220685 0.381941
-0.867368 -0.254228 0.427833
-0.865701 -0.268666 0.422351
-0.859305 -0.241208 0.451014
-0.846277 -0.272018 0.458062
-0.849363 -0.242675 0.468713
-0.797227 -0.337288 0.500666
-0.806172 -0.349848 0.477171
-0.776382 -0.326081 0.539353
-0.769080 -0.384540 0.510533
-0.779536 -0.296224 0.551883
-0.772899 -0.355533 0.525570
-0.772899 -0.355533 0.525570
-0.757557 -0.386509 0.526040
-0.738950 -0.345891 0.578197
-0.705360 -0.423216 0.568643
-0.651868 -0.445178 0.613909
-0.670226 -0.398944 0.625813
-0.604083 -0.508701 0.613439
-0.657218 -0.500737 0.563317
-0.602174 -0.522940 0.603258
-0.588471 -0.524853 0.615005
-0.574590 -0.526707 0.626439
-0.615392 -0.600007 0.511160
-0.477994 -0.621392 0.620800
-0.489338 -0.521961 0.698645
-0.471432 -0.552714 0.687211
-0.415541 -0.655276 0.630825
-0.420243 -0.614202 0.667946
-0.352016 -0.688032 0.634584
-0.357505 -0.633760 0.685958
-0.292504 -0.666260 0.685958
-0.290213 -0.693286 0.659644
-0.292504 -0.666260 0.685958
-0.257736 -0.708773 0.656668
-0.032040 -0.768955 0.638499
-0.098426 -0.688979 0.718067
-0.064043 -0.768514 0.636620
0.048478 -0.743333 0.667163
0.032326 -0.743508 0.667946
-0.080736 -0.742774 0.664657
0.094596 -0.804064 0.586968
0.129494 -0.728402 0.672801
0.095066 -0.792218 0.602788
0.190049 -0.776032 0.601378
0.110291 -0.803548 0.584932
0.209390 -0.724813 0.656355
0.291375 -0.679874 0.672958
0.308224 -0.665114 0.680163
0.290213 -0.693286 0.659644
0.333868 -0.715431 0.613752
0.335307 -0.702547 0.627692
0.307029 -0.678695 0.667163
0.109728 -0.815124 0.568799
0.109728 -0.815124 0.568799
0.109152 -0.826433 0.552353
0.388336 -0.631045 0.671548
0.451868 -0.597111 0.662777
0.424543 -0.571500 0.702248
0.103145 0.992774 0.061320
0.103145 0.992774 0.061320
0.128589 0.990134 0.055682
0.469920 -0.567145 0.676404
0.530246 -0.546314 0.648367
0.441196 -0.555580 0.704754
0.565579 -0.484782 0.667163
0.565579 -0.484782 0.667163
0.611079 -0.450269 0.651030
0.567145 -0.469920 0.676404
0.611079 -0.450269 0.651030
0.623161 -0.463376 0.630042
0.612672 -0.435319 0.659644
0.673318 -0.368722 0.640849
0.666860 -0.428695 0.609523
0.668577 -0.413881 0.617824
0.656879 -0.400536 0.638813
0.668577 -0.413881 0.617824
0.668577 -0.413881 0.617824
0.729552 -0.317197 0.605921
0.730938 -0.301909 0.612029
0.677451 -0.322596 0.661054
0.683936 -0.227979 0.693007
0.683936 -0.227979 0.693007
0.735752 -0.239919 0.633331
0.735752 -0.239919 0.633331
0.734658 -0.255533 0.628475
0.698339 -0.211126 0.683922
0.734658 -0.255533 0.628475
0.711682 -0.210270 0.670295
0.734658 -0.255533 0.628475
0.737725 -0.208487 0.642102
0.711682 -0.210270 0.670295
0.195428 0.977138 0.083718
0.698339 -0.211126 0.683922
0.686966 -0.163563 0.708043
0.788026 -0.189126 0.585872
0.738604 -0.192679 0.646018
0.740149 -0.160902 0.652909
0.716471 -0.081417 0.692850
0.737725 -0.208487 0.642102
0.735752 -0.239919 0.633331
0.740149 -0.160902 0.652909
0.738604 -0.192679 0.646018
0.523225 -0.236295 0.818780
0.680987 -0.275638 0.678440
0.671040 -0.212769 0.710236
0.640437 -0.262743 0.721670
0.684789 -0.211959 0.697235
0.678695 -0.307029 0.667163
0.620942 -0.343152 0.704754
0.610874 -0.280672 0.740309
0.357966 -0.375012 0.855118
0.357966 -0.375012 0.855118
0.357966 -0.375012 0.855118
0.507675 -0.236915 0.828334
0.385583 -0.469405 0.794346
0.537235 -0.268617 0.799514
0.507675 -0.236915 0.828334
0.357966 -0.375012 0.855118
0.357285 -0.391312 0.848070
0.356573 -0.407512 0.840708
0.340862 -0.391992 0.854491
0.341509 -0.375660 0.861540
0.422827 -0.372087 0.826298
0.032598 -0.717166 0.696139
0.032598 -0.717166 0.696139
0.436104 -0.419331 0.796225
0.401521 -0.468441 0.786984
0.016430 -0.690077 0.723549
0.016367 -0.703774 0.710236
0.016367 -0.703774 0.710236
0.032464 -0.730445 0.682199
0.032598 -0.717166 0.696139
0.016430 -0.690077 0.723549
0.000000 -0.662125 0.749393
0.000000 -0.662125 0.749393
0.219672 -0.523833 0.823009
0.000000 -0.662125 0.749393
0.185236 -0.555709 0.810479
0.170345 -0.494000 0.852612
0.101965 -0.526817 0.843841
0.101691 -0.542354 0.833973
0.101409 -0.557748 0.823792
0.102728 -0.479399 0.871564
0.034122 -0.511833 0.858407
0.000000 -0.527622 0.849479
-0.034034 -0.527533 0.848853
-0.016878 -0.573859 0.818780
-0.068379 -0.495751 0.865769
-0.102483 -0.495334 0.862636
-0.085442 -0.495564 0.864359
-0.051422 -0.479940 0.875793
-0.102483 -0.495334 0.862636
-0.151380 -0.571879 0.806250
-0.202443 -0.539847 0.817057
-0.236915 -0.507675 0.828334
-0.202443 -0.539847 0.817057
-0.235653 -0.538636 0.808912
-0.253522 -0.507044 0.823792
-0.269353 -0.521871 0.809382
-0.268617 -0.537235 0.799514
-0.303703 -0.489300 0.817527
-0.303703 -0.489300 0.817527
-0.300440 -0.550807 0.778683
-0.300440 -0.550807 0.778683
-0.299553 -0.565822 0.768189
-0.335479 -0.503219 0.796382
-0.349710 -0.532892 0.770538
-0.370424 -0.454612 0.810009
-0.398394 -0.514592 0.759261
-0.368625 -0.485915 0.792466
-0.435133 -0.435133 0.788237
-0.449767 -0.449767 0.771634
-0.498259 -0.415215 0.761140
-0.498259 -0.415215 0.761140
-0.434122 -0.450819 0.779936
-0.503219 -0.335479 0.796382
-0.529700 -0.397275 0.749393
-0.504074 -0.319247 0.802490
-0.483958 -0.400517 0.778056
-0.501373 -0.367673 0.783225
-0.501373 -0.367673 0.783225
-0.502319 -0.351623 0.789960
-0.548961 -0.332704 0.766779
-0.502319 -0.351623 0.789960
-0.562882 -0.347663 0.749863
-0.563914 -0.331714 0.756285
-0.554554 -0.218461 0.802960
-0.564894 -0.315676 0.762393
-0.564894 -0.315676 0.762393
-0.567523 -0.267070 0.778839
-0.600166 -0.200055 0.774454
-0.550807 -0.300440 0.778683
-0.643691 -0.198059 0.739212
-0.631604 -0.132969 0.763803
-0.657843 -0.197353 0.726838
-0.629357 -0.198744 0.751273
-0.657843 -0.197353 0.726838
-0.659155 -0.164789 0.733730
-0.644357 -0.181742 0.742815
-0.672513 -0.180430 0.717754
-0.660671 -0.115617 0.741718
-0.672513 -0.180430 0.717754
-0.675114 -0.098797 0.731067
-0.646814 -0.099510 0.756128
-0.645514 -0.148965 0.749080
-0.673739 -0.147894 0.724019
-0.646006 -0.132514 0.751743
-0.660226 -0.132045 0.739369
-0.673157 -0.164185 0.721043
-0.673157 -0.164185 0.721043
-0.673157 -0.164185 0.721043
-0.674717 -0.115196 0.729031
-0.673157 -0.164185 0.721043
-0.660671 -0.115617 0.741718
-0.673157 -0.164185 0.721043
-0.644965 -0.165376 0.746104
-0.661384 -0.082673 0.745477
-0.688570 -0.114762 0.716031
-0.688570 -0.114762 0.716031
-0.688979 -0.098426 0.718067
-0.688979 -0.098426 0.718067
-0.686304 -0.179746 0.704754
-0.671808 -0.196627 0.714151
-0.671040 -0.212769 0.710236
-0.657097 -0.213557 0.722923
-0.672513 -0.180430 0.717754
-0.657843 -0.197353 0.726838
-0.658529 -0.181095 0.730441
-0.627073 -0.247529 0.738586
-0.628653 -0.215065 0.747357
-0.628653 -0.215065 0.747357
-0.614164 -0.215787 0.759104
-0.569021 -0.234303 0.788237
-0.504884 -0.302930 0.808286
-0.568298 -0.250719 0.783695
-0.505648 -0.286534 0.813768
-0.506368 -0.270063 0.818936
-0.492557 -0.220801 0.841804
-0.490037 -0.287263 0.823009
-0.472834 -0.320852 0.820659
-0.440362 -0.338740 0.831467
-0.425051 -0.323039 0.845563
-0.375012 -0.357966 0.855118
-0.307152 -0.409535 0.859034
-0.307759 -0.393248 0.866395
-0.274343 -0.394368 0.877046
-0.307759 -0.393248 0.866395
-0.242323 -0.328867 0.912757
-0.189670 -0.396583 0.898191
-0.205457 -0.445156 0.871564
-0.189302 -0.413023 0.890829
-0.172896 -0.380372 0.908528
-0.103619 -0.414474 0.904143
-0.103192 -0.447163 0.888480
-0.086388 -0.414662 0.905866
-0.103192 -0.447163 0.888480
-0.052153 -0.365073 0.929517
-0.034515 -0.431442 0.901480
-0.034652 -0.398493 0.916517
0.017295 -0.415070 0.909625
0.034652 -0.398493 0.916517
-0.068997 -0.431229 0.899601
-0.051762 -0.431353 0.900697
0.171893 -0.429733 0.886444
0.155728 -0.380668 0.911504
0.188918 -0.429358 0.883155
-0.068700 -0.463726 0.883311
0.189302 -0.413023 0.890829
0.207467 -0.363067 0.908372
0.241100 -0.378871 0.893492
0.188918 -0.429358 0.883155
0.238089 -0.476178 0.846503
0.238089 -0.476178 0.846503
0.239689 -0.428017 0.871407
0.206717 -0.396207 0.894588
0.238644 -0.460242 0.855118
0.306517 -0.425718 0.851359
0.079232 0.990394 0.113321
0.324352 -0.392637 0.860600
0.340185 -0.408222 0.847130
0.324966 -0.376276 0.867648
0.118470 0.987254 0.106273
0.092352 0.989488 0.111285
0.357285 -0.391312 0.848070
0.324966 -0.376276 0.867648
0.310843 -0.293574 0.903986
0.325551 -0.359820 0.874383
0.308893 -0.360376 0.880179
0.441790 -0.305855 0.843371
0.293996 -0.293996 0.909468
0.441790 -0.305855 0.843371
0.507675 -0.236915 0.828334
0.507044 -0.253522 0.823792
0.490731 -0.270748 0.828178
0.478495 -0.153802 0.864516
0.509303 -0.186744 0.840081
0.508262 -0.220247 0.832563
0.526190 -0.135791 0.839455
0.507675 -0.236915 0.828334
0.509758 -0.169919 0.843371
0.510169 -0.153051 0.846347
0.510169 -0.153051 0.846347
0.510169 -0.153051 0.846347
0.510169 -0.153051 0.846347
0.511380 -0.085230 0.855118
0.508262 -0.220247 0.832563
0.511380 -0.085230 0.855118
0.527421 -0.051041 0.848070
0.511725 -0.051173 0.857624
0.511574 -0.068210 0.856528
0.527063 -0.085010 0.845563
0.511380 -0.085230 0.855118
0.511725 -0.051173 0.857624
0.511898 0.017063 0.858877
0.542609 -0.084783 0.835696
0.542609 -0.084783 0.835696
0.527421 0.051041 0.848070
0.511725 0.051173 0.857624
0.527421 -0.051041 0.848070
0.543187 0.000000 0.839612
0.527421 -0.051041 0.848070
0.527265 0.068034 0.846973
0.527421 -0.051041 0.848070
0.542609 -0.084783 0.835696
0.511919 0.000000 0.859034
0.511833 -0.034122 0.858407
0.511833 -0.034122 0.858407
0.511833 -0.034122 0.858407
0.527063 -0.085010 0.845563
0.511919 0.000000 0.859034
0.511833 -0.034122 0.858407
0.511833 -0.034122 0.858407
0.511574 -0.068210 0.856528
0.480100 -0.017146 0.877046
0.509303 -0.186744 0.840081
0.511380 -0.085230 0.855118
0.495064 -0.119498 0.860600
0.463552 -0.085843 0.881901
0.447367 -0.086032 0.890203
0.445584 -0.188516 0.875166
0.445584 -0.188516 0.875166
0.479800 -0.068543 0.874697
0.463552 -0.085843 0.881901
0.478837 -0.136811 0.867178
0.244693 -0.192258 0.950349
0.430873 -0.103410 0.896468
0.396207 -0.206717 0.894588
0.261073 -0.243669 0.934059
0.363067 -0.207467 0.908372
0.311265 -0.276680 0.909155
0.244466 -0.209543 0.946746
0.313250 -0.174028 0.933589
0.278129 -0.243362 0.929204
0.330412 -0.156511 0.930770
0.243955 -0.243955 0.938601
0.244466 -0.209543 0.946746
-0.033548 -0.603863 0.796382
0.174274 -0.296266 0.939071
-0.052240 -0.348267 0.935939
-0.052240 -0.348267 0.935939
0.139425 -0.313706 0.939228
0.139425 -0.313706 0.939228
0.140144 -0.245252 0.959276
0.122071 -0.313896 0.941577
-0.052153 -0.365073 0.929517
0.104973 -0.279929 0.954264
0.104973 -0.279929 0.954264
0.104531 -0.331014 0.937818
0.104366 -0.347886 0.931710
0.104531 -0.331014 0.937818
0.104973 -0.279929 0.954264
0.034776 -0.365147 0.930300
0.034776 -0.365147 0.930300
0.087726 -0.245634 0.965385
-0.017497 -0.297449 0.954577
-0.035036 -0.280288 0.959276
-0.017472 -0.314504 0.949095
-0.069946 -0.297270 0.952228
-0.087278 -0.314200 0.945336
-0.087010 -0.348042 0.933433
-0.104687 -0.314061 0.943613
-0.174028 -0.313250 0.933589
-0.174506 -0.279210 0.944240
-0.174274 -0.296266 0.939071
-0.227251 -0.209770 0.950975
-0.244220 -0.226776 0.942830
-0.243362 -0.278129 0.929204
-0.243362 -0.278129 0.929204
-0.261073 -0.243669 0.934059
-0.243669 -0.261073 0.934059
-0.243036 -0.295115 0.924035
-0.259717 -0.311660 0.914010
-0.278433 -0.226227 0.933433
-0.260438 -0.277801 0.924661
-0.312030 -0.242690 0.918553
-0.311265 -0.276680 0.909155
-0.312030 -0.242690 0.918553
-0.311265 -0.276680 0.909155
-0.379294 -0.224128 0.897721
-0.379685 -0.207101 0.901637
-0.414253 -0.120824 0.902107
-0.446328 -0.154498 0.881432
-0.379685 -0.207101 0.901637
-0.445584 -0.188516 0.875166
-0.445156 -0.205457 0.871564
-0.445156 -0.205457 0.871564
-0.447163 -0.103192 0.888480
-0.446644 -0.137429 0.884094
-0.495334 -0.102483 0.862636
-0.463340 -0.102964 0.880179
-0.479138 -0.119784 0.869528
-0.447756 -0.034443 0.893492
-0.445584 -0.188516 0.875166
-0.446328 -0.154498 0.881432
-0.445975 -0.171529 0.878456
-0.447534 -0.068851 0.891612
-0.495334 -0.102483 0.862636
-0.430873 -0.103410 0.896468
-0.446644 -0.137429 0.884094
-0.479619 -0.085646 0.873287
-0.463726 -0.068700 0.883311
-0.431069 -0.086214 0.898191
-0.495064 -0.119498 0.860600
-0.496000 -0.034207 0.867648
-0.511919 0.000000 0.859034
-0.463957 0.034367 0.885191
-0.446644 -0.137429 0.884094
-0.496084 0.000000 0.868275
-0.446644 -0.137429 0.884094
-0.511725 -0.051173 0.857624
-0.447367 -0.086032 0.890203
-0.479399 -0.102728 0.871564
-0.479619 -0.085646 0.873287
-0.463089 -0.120060 0.878142
-0.463552 -0.085843 0.881901
-0.414662 -0.086388 0.905866
-0.429733 -0.171893 0.886444
-0.414253 -0.120824 0.902107
-0.312030 -0.242690 0.918553
-0.311660 -0.259717 0.914010
-0.363410 -0.190358 0.911974
-0.312984 -0.191268 0.930300
-0.312984 -0.191268 0.930300
-0.312030 -0.242690 0.918553
-0.262086 -0.174724 0.949095
-0.279210 -0.174506 0.944240
-0.261865 -0.192034 0.945806
-0.244693 -0.192258 0.950349
-0.226776 -0.244220 0.942830
-0.192258 -0.244693 0.950349
0.035192 -0.211155 0.976819
0.035192 -0.211155 0.976819
0.035120 -0.245839 0.968674
0.035225 -0.193735 0.980421
0.052669 -0.245791 0.967891
0.140435 -0.210652 0.967421
0.087726 -0.245634 0.965385
0.105104 -0.262759 0.959120
0.105104 -0.262759 0.959120
0.105104 -0.262759 0.959120
0.141037 -0.105778 0.984337
0.070416 -0.193643 0.978542
0.105540 -0.193490 0.975409
0.105628 -0.176046 0.978698
0.140295 -0.227980 0.963505
0.105628 -0.176046 0.978698
0.123417 -0.123417 0.984650
0.158278 -0.158278 0.974626
0.176046 -0.105628 0.978698
0.227980 -0.140295 0.963505
0.210778 -0.122954 0.969771
0.176234 -0.052870 0.982927
0.176234 -0.052870 0.982927
0.176234 -0.052870 0.982927
0.193390 -0.123066 0.973373
0.176234 -0.052870 0.982927
0.176234 -0.052870 0.982927
0.176234 -0.052870 0.982927
0.176234 -0.052870 0.982927
0.280288 -0.035036 0.959276
0.280288 -0.035036 0.959276
0.314402 -0.052400 0.947842
0.365073 0.052153 0.929517
0.314402 0.052400 0.947842
0.314402 0.052400 0.947842
0.314402 0.052400 0.947842
0.314402 0.052400 0.947842
0.381930 0.000000 0.924191
0.314402 0.052400 0.947842
0.348394 0.000000 0.937348
0.314314 0.069848 0.946746
0.348267 -0.052240 0.935939
0.314402 -0.052400 0.947842
0.314466 0.034941 0.948626
0.331482 -0.017446 0.943300
0.314516 0.000000 0.949252
0.297461 0.000000 0.954734
0.263095 0.035079 0.964132
0.263095 -0.035079 0.964132
0.193574 -0.087988 0.977132
0.141238 0.000000 0.989976
0.176290 -0.017629 0.984180
0.176123 -0.088061 0.980421
0.176269 -0.035254 0.983711
0.158686 -0.070527 0.984807
0.106041 0.017673 0.994205
0.106007 -0.053004 0.992952
0.105978 -0.070652 0.991855
0.105978 -0.070652 0.991855
0.070708 0.070708 0.994988
0.053060 0.053060 0.997181
-0.017698 0.000000 0.999843
0.017698 -0.017698 0.999687
-0.035391 -0.017696 0.999217
-0.035393 0.000000 0.999373
-0.035387 -0.035387 0.998747
-0.053070 0.035380 0.997964
-0.035387 -0.035387 0.998747
-0.017698 -0.017698 0.999687
-0.017698 -0.017698 0.999687
-0.035387 -0.035387 0.998747
-0.035358 0.088395 0.995458
-0.035393 0.000000 0.999373
-0.070752 0.000000 0.997494
-0.070749 -0.017687 0.997337
-0.070749 -0.017687 0.997337
-0.070749 -0.017687 0.997337
-0.070749 0.017687 0.997337
-0.070749 -0.017687 0.997337
-0.106028 0.035343 0.993735
-0.088409 0.000000 0.996084
-0.106007 0.053004 0.992952
-0.106045 0.000000 0.994361
-0.088395 0.035358 0.995458
-0.105707 -0.158561 0.981674
-0.176290 -0.017629 0.984180
-0.106028 -0.035343 0.993735
-0.176269 -0.035254 0.983711
-0.176234 -0.052870 0.982927
-0.176234 -0.052870 0.982927
-0.193735 -0.035225 0.980421
-0.176234 -0.052870 0.982927
-0.193735 -0.035225 0.980421
-0.193758 -0.017614 0.980891
-0.176046 -0.105628 0.978698
-0.176046 -0.105628 0.978698
-0.193490 -0.105540 0.975409
-0.193390 -0.123066 0.973373
-0.193574 -0.087988 0.977132
-0.158561 -0.105707 0.981674
-0.158629 -0.088127 0.983397
-0.210887 -0.105444 0.971807
-0.210887 -0.105444 0.971807
-0.210778 -0.122954 0.969771
-0.227980 -0.140295 0.963505
-0.245252 -0.140144 0.959276
-0.227825 -0.157725 0.960843
-0.227980 -0.140295 0.963505
-0.228334 -0.087821 0.969614
-0.228334 -0.087821 0.969614
-0.227980 -0.140295 0.963505
-0.227825 -0.157725 0.960843
-0.210174 -0.192659 0.958493
-0.192659 -0.210174 0.958493
-0.175292 -0.210350 0.961782
0.052669 -0.245791 0.967891
0.105104 -0.262759 0.959120
0.104973 -0.279929 0.954264
0.105104 -0.262759 0.959120
0.139217 -0.330639 0.933433
-0.034889 -0.331442 0.942830
0.174274 -0.296266 0.939071
-0.052153 -0.365073 0.929517
-0.052062 -0.381790 0.922782
-0.069136 -0.414815 0.907275
-0.052153 -0.365073 0.929517
0.260767 -0.260767 0.929517
-0.016611 -0.647823 0.761610
0.363067 -0.207467 0.908372
0.311265 -0.276680 0.909155
0.307759 -0.393248 0.866395
0.344300 -0.292655 0.892082
0.308893 -0.360376 0.880179
0.324966 -0.376276 0.867648
0.341509 -0.375660 0.861540
0.340185 -0.408222 0.847130
0.340862 -0.391992 0.854491
0.389850 -0.389850 0.834286
0.340185 -0.408222 0.847130
0.357966 -0.375012 0.855118
0.340862 -0.391992 0.854491
0.341509 -0.375660 0.861540
0.340862 -0.391992 0.854491
0.400517 -0.483958 0.778056
0.401521 -0.468441 0.786984
0.384622 -0.484958 0.785418
0.412920 -0.528537 0.741718
0.383626 -0.500381 0.776177
0.400517 -0.483958 0.778056
0.427191 -0.542204 0.723549
0.598656 -0.436857 0.671392
0.607708 -0.479769 0.632861
0.596054 -0.564683 0.570836
0.596054 -0.564683 0.570836
0.593881 -0.578252 0.559402
0.472348 -0.661288 0.582739
0.474284 -0.648189 0.595740
0.512491 -0.667791 0.539823
0.484555 -0.672124 0.559872
0.489448 -0.718876 0.493617
0.496404 -0.682556 0.536377
0.505483 -0.704613 0.498003
0.489448 -0.718876 0.493617
0.505483 -0.704613 0.498003
0.505483 -0.704613 0.498003
0.513811 -0.725380 0.458062
0.682457 -0.608277 0.405278
0.531112 -0.752409 0.389615
0.262560 -0.939687 0.219203
0.683637 -0.640000 0.350771
0.273236 -0.942665 0.191636
0.669246 -0.654698 0.351398
0.273236 -0.942665 0.191636
0.694665 -0.680771 0.232360
0.283484 -0.944946 0.163443
0.698934 -0.670976 0.247553
0.756694 -0.602553 0.253661
0.703090 -0.660904 0.262432
0.713024 -0.671888 0.200407
0.734872 -0.653219 0.182395
0.711070 -0.639963 0.291252
0.756694 -0.602553 0.253661
0.756694 -0.602553 0.253661
0.730305 -0.631995 0.259300
0.669246 -0.654698 0.351398
0.712644 -0.656750 0.246613
0.280780 -0.949305 0.141358
0.739481 -0.643623 0.197275
0.739481 -0.643623 0.197275
0.748328 -0.623607 0.226094
0.743966 -0.633749 0.211841
0.768374 -0.569166 0.292662
0.768374 -0.569166 0.292662
0.793737 -0.538607 0.282638
0.813123 -0.499286 0.299240
0.785637 -0.509209 0.351398
0.797363 -0.526829 0.294385
0.800877 -0.514850 0.305819
0.810759 -0.477769 0.338241
0.836769 -0.468023 0.284204
0.819761 -0.474599 0.320542
0.821633 -0.495813 0.281228
0.821633 -0.495813 0.281228
0.813123 -0.499286 0.299240
0.826138 -0.504085 0.251782
0.829800 -0.492254 0.262902
0.854942 -0.391245 0.340590
-0.749347 0.658909 0.065706
-0.743654 0.666724 0.049573
-0.742625 0.664454 0.083718
-0.742625 0.664454 0.083718
-0.767458 0.639548 0.044561
-0.760281 0.642306 0.097032
-0.784371 0.619906 0.021850
-0.790181 0.611753 0.037043
-0.761625 0.647381 0.028741
-0.806658 0.585477 0.080742
-0.837532 0.545665 0.028115
-0.811719 0.583423 0.027019
-0.833032 0.551083 0.048633
-0.837532 0.545665 0.028115
-0.831963 0.554642 0.014488
-0.848182 0.526901 0.054429
-0.858202 0.507120 0.079489
-0.861662 0.506860 0.025139
-0.822785 0.565665 0.055212
-0.831963 0.554642 0.014488
-0.878836 0.477082 0.006343
-0.880590 0.472200 0.039862
-0.896785 0.442077 0.018561
-0.896785 0.442077 0.018561
-0.901530 0.431719 0.029368
-0.904227 0.426996 0.006970
-0.928827 0.368986 0.033597
-0.928827 0.368986 0.033597
-0.928827 0.368986 0.033597
-0.940877 0.338716 0.004777
-0.944755 0.327515 0.013079
-0.931005 0.364853 0.010572
-0.920344 0.390831 0.014801
-0.953570 0.301127 0.005090
-0.960382 0.278005 0.019500
-0.946461 0.319750 0.044404
-0.955431 0.292999 0.036103
-0.967847 0.251389 0.008693
-0.944134 0.314711 0.097815
-0.969413 0.242353 0.038766
-0.966559 0.254358 0.032657
-0.970122 0.232829 0.068212
-0.970773 0.239541 0.014801
-0.969413 0.242353 0.038766
-0.980909 0.191086 0.036103
-0.979579 0.200939 0.006970
-0.979579 0.200939 0.006970
-0.979579 0.200939 0.006970
-0.979579 0.200939 0.006970
-0.986185 0.164364 0.020597
-0.989810 0.139589 0.028115
-0.986185 0.164364 0.020597
-0.989810 0.139589 0.028115
-0.991528 0.115893 0.058658
-0.986185 0.164364 0.020597
-0.989810 0.139589 0.028115
-0.990439 0.137909 0.003524
-0.986185 0.164364 0.020597
-0.984139 0.176640 0.016368
-0.999747 0.000000 0.022476
-0.988075 0.152011 0.024512
-0.979579 0.200939 0.006970
-0.989810 0.139589 0.028115
-0.999671 0.012654 0.022320
-0.977062 0.212949 0.001801
-0.984139 0.176640 0.016368
-0.984139 0.176640 0.016368
-0.978608 0.203347 0.031248
-0.970773 0.239541 0.014801
-0.973541 0.227581 0.020597
-0.966559 0.254358 0.032657
-0.967487 0.245097 0.062417
-0.967847 0.251389 0.008693
-0.960382 0.278005 0.019500
-0.953570 0.301127 0.005090
-0.957056 0.289635 0.012452
-0.926446 0.357344 0.118333
-0.935108 0.353825 0.019500
-0.924666 0.380000 0.024356
-0.940877 0.338716 0.004777
-0.928827 0.368986 0.033597
-0.906114 0.421152 0.039862
-0.891876 0.452219 0.007440
-0.898967 0.429941 0.083718
-0.880590 0.472200 0.039862
-0.893688 0.446844 0.040645
-0.878836 0.477082 0.006343
-0.870451 0.491994 0.016055
-0.848182 0.526901 0.054429
-0.848182 0.526901 0.054429
-0.822010 0.569084 0.021067
-0.838304 0.541673 0.061947
-0.837532 0.545665 0.028115
-0.831963 0.554642 0.014488
-0.828081 0.556367 0.068839
-0.790181 0.611753 0.037043
-0.806658 0.585477 0.080742
-0.761625 0.647381 0.028741
-0.760281 0.642306 0.097032
-0.731796 0.681327 0.016368
-0.724570 0.685754 0.068839
-0.730124 0.677972 0.085285
-0.735530 0.669858 0.101417
-0.688651 0.715137 0.119743
-0.643631 0.750902 0.147936
-0.666724 0.743654 0.049573
-0.676414 0.716999 0.168455
-0.661423 0.740794 0.117237
-0.661423 0.740794 0.117237
-0.652677 0.745917 0.132743
-0.600681 0.787559 0.137599
-0.565665 0.822785 0.055212
-0.581195 0.805747 0.113948
-0.581195 0.805747 0.113948
-0.566546 0.816881 0.108309
-0.566089 0.808699 0.159840
-0.546802 0.833222 0.082152
-0.536979 0.838212 0.095152
-0.492105 0.867659 0.070718
-0.536979 0.838212 0.095152
-0.510479 0.846320 0.152165
-0.531618 0.837298 0.127731
-0.426401 0.880312 0.207925
-0.446284 0.879043 0.167672
-0.417646 0.877056 0.237372
-0.430840 0.888607 0.157334
-0.446284 0.879043 0.167672
-0.446284 0.879043 0.167672
-0.424150 0.862439 0.276216
-0.424150 0.862439 0.276216
-0.442345 0.884690 0.147153
-0.398682 0.868557 0.294385
-0.424150 0.862439 0.276216
-0.398682 0.868557 0.294385
-0.411494 0.865556 0.285457
-0.143929 0.935536 0.322578
-0.169535 0.946571 0.274336
-0.177031 0.966860 0.183961
-0.138056 0.966393 0.216853
-0.145910 0.981578 0.123346
-0.124402 0.967574 0.219829
-0.110700 0.968629 0.222492
-0.080864 0.983851 0.159684
-0.052895 0.991787 0.116454
-0.053445 0.988738 0.139792
-0.053982 0.985179 0.162816
-0.040506 0.985643 0.163913
0.027781 0.972345 0.231890
-0.039691 0.992273 0.117550
-0.013238 0.992830 0.118803
0.053982 0.985179 0.162816
0.082422 0.975329 0.204793
0.111682 0.963256 0.244263
0.131457 0.985925 0.103297
0.158919 0.980003 0.119743
0.153011 0.959794 0.235336
0.197158 0.943542 0.266192
0.214544 0.965446 0.147936
0.247138 0.947362 0.203540
0.249331 0.941918 0.224998
0.280780 0.949305 0.141358
0.287106 0.904385 0.315686
0.287106 0.904385 0.315686
0.270729 0.947551 0.169865
0.270729 0.947551 0.169865
0.283484 0.944946 0.163443
0.296122 0.942207 0.156708
0.361226 0.903064 0.232360
0.304251 0.926582 0.221082
0.370707 0.906172 0.203540
0.403666 0.901522 0.155925
0.465599 0.862728 0.197275
0.529967 0.828922 0.178949
0.453660 0.880634 0.136659
0.507840 0.837250 0.202757
0.519012 0.833152 0.191009
0.529967 0.828922 0.178949
0.531618 0.837298 0.127731
0.576147 0.811844 0.094682
0.579350 0.786261 0.214817
0.642373 0.726161 0.245047
0.629269 0.752387 0.194769
0.629269 0.752387 0.194769
0.656750 0.712644 0.246613
0.657832 0.726357 0.199154
0.629447 0.763372 0.145117
0.685779 0.699495 0.201034
0.661423 0.740794 0.117237
0.675124 0.728075 0.118803
0.713024 0.671888 0.200407
0.747786 0.639017 0.180202
0.769523 0.604626 0.205576
0.786261 0.579350 0.214817
0.773860 0.594214 0.219203
0.780422 0.605500 0.155925
0.808699 0.566089 0.159840
0.829800 0.492254 0.262902
0.833343 0.480232 0.273710
0.855948 0.469391 0.216853
0.866623 0.433312 0.247396
0.879156 0.382858 0.283734
0.889818 0.330094 0.315060
0.876201 0.395704 0.275119
0.879419 0.346001 0.326964
0.889818 0.330094 0.315060
0.889818 0.330094 0.315060
0.869936 0.420937 0.256950
0.898676 0.275401 0.341374
0.865701 0.268666 0.422351
0.867368 0.254228 0.427833
0.865701 0.268666 0.422351
0.867368 0.254228 0.427833
0.868936 0.239707 0.433002
0.871781 0.210430 0.442400
0.854421 0.284807 0.434568
0.881989 0.279296 0.379591
0.885800 0.150136 0.439110
0.913249 0.132568 0.385230
0.913249 0.132568 0.385230
0.885800 0.150136 0.439110
0.916136 0.073882 0.394001
0.919281 0.160509 0.359386
0.914126 0.117952 0.387893
0.899440 0.044972 0.434725
0.916136 0.073882 0.394001
0.805135 -0.047361 0.591197
0.899685 -0.029990 0.435508
0.917216 -0.029588 0.397290
0.890176 -0.045263 0.453364
0.890176 -0.045263 0.453364
0.915569 -0.088603 0.392278
0.913249 -0.132568 0.385230
0.915569 -0.088603 0.392278
0.917216 -0.029588 0.397290
0.912267 -0.147140 0.382254
0.907566 -0.074391 0.413267
0.908371 -0.044674 0.415773
0.907566 -0.074391 0.413267
0.899096 -0.059940 0.433628
0.889408 -0.075374 0.450858
0.889408 -0.075374 0.450858
0.890176 -0.045263 0.453364
0.899882 0.000000 0.436134
0.899685 -0.029990 0.435508
0.890559 -0.015094 0.454617
0.805135 -0.047361 0.591197
0.899832 -0.014997 0.435978
0.805135 -0.047361 0.591197
0.805135 -0.047361 0.591197
0.805135 -0.047361 0.591197
0.805135 -0.047361 0.591197
0.952833 0.085328 0.291252
0.915947 0.257610 0.307698
0.915947 0.257610 0.307698
0.904168 0.233334 0.357820
0.898676 0.275401 0.341374
0.904385 0.287106 0.315686
0.894469 0.302965 0.328843
0.866074 0.375299 0.330253
0.879419 0.346001 0.326964
0.822915 0.461988 0.330723
0.810140 0.441895 0.385230
0.798329 0.493512 0.345133
0.785637 0.509209 0.351398
0.749359 0.576430 0.325867
0.765777 0.515427 0.384603
0.768374 0.569166 0.292662
0.728059 0.549759 0.409507
0.697858 0.625165 0.349518
0.696827 0.593044 0.403399
0.669246 0.654698 0.351398
0.665708 0.665708 0.337145
0.685531 0.596114 0.417965
0.618013 0.718620 0.318819
0.564636 0.752848 0.338241
0.538607 0.793737 0.282638
0.552631 0.756232 0.350302
0.555923 0.746107 0.366434
0.562259 0.725018 0.397760
0.457862 0.797566 0.392748
0.493512 0.798329 0.345133
0.439113 0.819677 0.367844
0.427288 0.854576 0.295168
0.382975 0.839600 0.385230
0.293345 0.880034 0.373483
0.268666 0.865701 0.422351
0.263332 0.892402 0.366434
0.238169 0.878248 0.414676
0.211740 0.862083 0.460412
0.210430 0.871781 0.442400
0.167035 0.865543 0.472159
0.148162 0.903787 0.401519
0.154683 0.835287 0.527606
0.121104 0.878007 0.463075
0.089214 0.907013 0.411544
0.000000 0.890607 0.454773
-0.029990 0.899685 0.435508
-0.029588 0.917216 0.397290
-0.085328 0.952833 0.291252
-0.085328 0.952833 0.291252
-0.147140 0.912267 0.382254
-0.380477 0.848757 0.367217
-0.393910 0.846176 0.358916
-0.265152 0.883839 0.385386
-0.399052 0.827663 0.394628
-0.387795 0.820336 0.420315
-0.412552 0.825103 0.386013
-0.407202 0.843490 0.350302
-0.401532 0.817935 0.412013
-0.398682 0.868557 0.294385
-0.420348 0.840697 0.341374
-0.427288 0.854576 0.295168
-0.424150 0.862439 0.276216
-0.474599 0.819761 0.320542
-0.427288 0.854576 0.295168
-0.490313 0.807574 0.327747
-0.502651 0.768760 0.395411
-0.552631 0.756232 0.350302
-0.549256 0.766067 0.333855
-0.571337 0.732483 0.370193
-0.583334 0.729168 0.357820
-0.601871 0.704629 0.375832
-0.610201 0.711901 0.347639
-0.613631 0.701292 0.362832
-0.613631 0.701292 0.362832
-0.626473 0.656305 0.420471
-0.647525 0.690694 0.321952
-0.644458 0.629470 0.434098
-0.672689 0.643442 0.365338
-0.672689 0.643442 0.365338
-0.682457 0.608277 0.405278
-0.725753 0.595118 0.345133
-0.729168 0.583334 0.357820
-0.738819 0.546726 0.394001
-0.741843 0.534127 0.405435
-0.768374 0.569166 0.292662
-0.791805 0.483881 0.372700
-0.782398 0.521599 0.340277
-0.791805 0.483881 0.372700
-0.788772 0.496634 0.362205
-0.805465 0.417648 0.420471
-0.805465 0.417648 0.420471
-0.843490 0.407202 0.350302
-0.837796 0.433343 0.332133
-0.807904 0.403952 0.429086
-0.842017 0.369306 0.393218
-0.844333 0.355509 0.400893
-0.855874 0.339398 0.390242
-0.863936 0.283013 0.416556
-0.857773 0.255827 0.445845
-0.867368 0.254228 0.427833
-0.856145 0.270362 0.440363
-0.863936 0.283013 0.416556
-0.870407 0.225105 0.437857
-0.867368 0.254228 0.427833
-0.867368 0.254228 0.427833
-0.860741 0.226511 0.455870
-0.863330 0.196900 0.464641
-0.883676 0.179731 0.432219
-0.884787 0.164960 0.435821
-0.869448 0.091521 0.485473
-0.856399 0.152928 0.493147
-0.880260 0.060708 0.470593
-0.899096 0.059940 0.433628
-0.875324 0.166010 0.454147
-0.879322 0.090964 0.467460
-0.870685 0.045826 0.489702
-0.870914 -0.030558 0.490485
-0.839516 -0.015547 0.543112
-0.880962 -0.015189 0.472942
-0.880962 -0.015189 0.472942
-0.871051 0.015282 0.490955
-0.839175 0.046621 0.541859
-0.839388 -0.031088 0.542642
-0.802953 -0.125953 0.582583
-0.817115 0.000000 0.576474
-0.828099 -0.046874 0.558619
-0.839516 0.015547 0.543112
-0.791714 -0.110840 0.600752
-0.827433 -0.078060 0.556112
-0.839388 -0.031088 0.542642
-0.793456 -0.031738 0.607800
-0.791133 -0.126581 0.598402
-0.837469 -0.108561 0.535594
-0.839388 0.031088 0.542642
-0.814513 -0.125310 0.566450
-0.871051 0.015282 0.490955
-0.838493 -0.077638 0.539353
-0.838877 -0.062139 0.540763
-0.838877 -0.062139 0.540763
-0.839388 -0.031088 0.542642
-0.850189 0.030916 0.525570
-0.880962 0.015189 0.472942
-0.838877 0.062139 0.540763
-0.879322 0.090964 0.467460
-0.860163 0.061440 0.506304
-0.869448 0.091521 0.485473
-0.838024 0.093114 0.537630
-0.876313 0.151088 0.457436
-0.833401 0.185200 0.520714
-0.825640 0.275213 0.492521
-0.834388 0.169968 0.524317
-0.802328 0.293158 0.519931
-0.783656 0.250770 0.568330
-0.829917 0.230533 0.508027
-0.811667 0.306289 0.497376
-0.822341 0.304571 0.480617
-0.778000 0.311200 0.545775
-0.814649 0.362066 0.453050
-0.813321 0.291568 0.503485
-0.774682 0.340860 0.532618
-0.762714 0.427120 0.485629
-0.772899 0.355533 0.525570
-0.771032 0.370095 0.518208
-0.767044 0.398863 0.502545
-0.757557 0.386509 0.526040
-0.764922 0.413058 0.494244
-0.755564 0.468450 0.457906
-0.755564 0.468450 0.457906
-0.744380 0.470934 0.473412
-0.744380 0.470934 0.473412
-0.684744 0.482433 0.546245
-0.696946 0.545436 0.465581
-0.709313 0.478015 0.518052
-0.692567 0.507882 0.512256
-0.650567 0.542139 0.531835
-0.694222 0.558396 0.454147
-0.637766 0.544435 0.544835
-0.643242 0.581980 0.497533
-0.643242 0.581980 0.497533
-0.581980 0.643242 0.497533
-0.586951 0.617843 0.523220
-0.635219 0.620095 0.460412
-0.568883 0.645759 0.509280
-0.571328 0.633093 0.522281
-0.528504 0.652858 0.542642
-0.512491 0.667791 0.539823
-0.466208 0.699313 0.541859
-0.459554 0.735287 0.498160
-0.415541 0.655276 0.630825
-0.408619 0.707224 0.576944
-0.427120 0.762714 0.485629
-0.410421 0.694558 0.590884
-0.425907 0.822441 0.377085
-0.441895 0.810140 0.385230
-0.441895 0.810140 0.385230
-0.415131 0.815436 0.403399
-0.344257 0.751106 0.563317
-0.368162 0.782344 0.502389
-0.312757 0.766255 0.561281
-0.250770 0.783656 0.568330
-0.281156 0.780990 0.557679
-0.301909 0.730938 0.612029
-0.220080 0.786000 0.577727
-0.335307 0.702547 0.627692
-0.347484 0.726558 0.592764
-0.205634 0.775083 0.597463
-0.347484 0.726558 0.592764
-0.345891 0.738950 0.578197
-0.355533 0.772899 0.525570
-0.332390 0.728092 0.599499
-0.344257 0.751106 0.563317
-0.344257 0.751106 0.563317
-0.093114 0.838024 0.537630
-0.031257 0.828307 0.559402
-0.015631 0.828432 0.559872
0.000000 0.850363 0.526196
0.095525 0.780120 0.618294
0.108561 0.837469 0.535594
0.109152 0.826433 0.552353
0.155529 0.824304 0.544365
0.157947 0.789737 0.592764
0.156355 0.813046 0.560811
0.158714 0.777700 0.608270
0.169968 0.834388 0.524317
0.221159 0.774056 0.593234
0.220080 0.786000 0.577727
0.224236 0.736774 0.637873
0.220080 0.786000 0.577727
0.290213 0.693286 0.659644
0.238847 0.748387 0.618764
0.286533 0.732251 0.617824
0.309604 0.789489 0.529955
0.292504 0.666260 0.685958
0.286533 0.732251 0.617824
0.286533 0.732251 0.617824
0.305800 0.692075 0.653849
0.303241 0.718203 0.626282
0.323856 0.663904 0.674054
0.358782 0.619714 0.698019
0.339395 0.662629 0.667633
0.372974 0.632433 0.678910
0.374311 0.618427 0.690970
0.374311 0.618427 0.690970
0.428450 0.527324 0.733730
0.428450 0.527324 0.733730
0.427191 0.542204 0.723549
0.391091 0.602933 0.695356
0.425888 0.556931 0.713055
0.418721 0.628082 0.655885
0.427191 0.542204 0.723549
0.429668 0.512297 0.743598
0.495949 0.446354 0.744851
0.418721 0.628082 0.655885
0.427191 0.542204 0.723549
0.423154 0.585905 0.691127
0.439795 0.570104 0.693946
0.438349 0.584465 0.682826
0.436857 0.598656 0.671392
0.423154 0.585905 0.691127
0.435319 0.612672 0.659644
0.487870 0.536657 0.688464
0.502704 0.535136 0.678910
0.534774 0.317522 0.783068
0.533857 0.333661 0.776960
0.566698 0.283349 0.773671
0.533857 0.333661 0.776960
0.567523 0.267070 0.778839
0.567523 0.267070 0.778839
0.569021 0.234303 0.788237
0.533857 0.333661 0.776960
0.533857 0.333661 0.776960
0.696517 0.242971 0.675151
0.567523 0.267070 0.778839
0.537959 0.252168 0.804370
0.616565 0.149975 0.772887
0.571879 0.151380 0.806250
0.571408 0.168061 0.803274
0.539265 0.219076 0.813141
0.571408 0.168061 0.803274
0.539847 0.202443 0.817057
0.570887 0.184699 0.799984
0.571879 0.151380 0.806250
0.555156 0.201875 0.806876
0.539847 0.202443 0.817057
0.585320 0.200681 0.785574
0.555156 0.201875 0.806876
0.555156 0.201875 0.806876
0.539847 0.202443 0.817057
0.570887 0.184699 0.799984
0.538636 0.235653 0.808912
0.550807 0.300440 0.778683
0.569693 0.217824 0.792466
0.537235 0.268617 0.799514
0.508804 0.203522 0.836479
0.523833 0.219672 0.823009
0.508262 0.220247 0.832563
0.508262 0.220247 0.832563
0.508262 0.220247 0.832563
0.504884 0.302930 0.808286
0.508262 0.220247 0.832563
0.504884 0.302930 0.808286
0.506368 0.270063 0.818936
0.519494 0.318400 0.792936
0.454612 0.370424 0.810009
0.331714 0.563914 0.756285
0.348703 0.547963 0.760357
0.331714 0.563914 0.756285
0.331714 0.563914 0.756285
0.331714 0.563914 0.756285
0.331714 0.563914 0.756285
0.348703 0.547963 0.760357
0.331714 0.563914 0.756285
0.315676 0.564894 0.762393
0.368625 0.485915 0.792466
0.303703 0.489300 0.817527
0.303703 0.489300 0.817527
0.351623 0.502319 0.789960
-0.104010 0.381370 0.918553
-0.104192 0.364673 0.925288
-0.069518 0.364970 0.928420
-0.069518 0.364970 0.928420
-0.086388 0.414662 0.905866
0.233594 0.583984 0.777430
0.270063 0.506368 0.818936
0.185756 0.540382 0.820659
0.134659 0.572301 0.808912
-0.137429 0.446644 0.884094
0.098797 0.675114 0.731067
0.099851 0.632389 0.768189
0.050311 0.603731 0.795599
0.084304 0.573266 0.815021
-0.201875 0.555156 0.806876
-0.217824 0.569693 0.792466
-0.169478 0.525383 0.833816
-0.218461 0.554554 0.802960
-0.219076 0.539265 0.813141
-0.218461 0.554554 0.802960
-0.232862 0.598787 0.766309
-0.249959 0.583237 0.772887
-0.217824 0.569693 0.792466
-0.279723 0.625263 0.728561
-0.279723 0.625263 0.728561
-0.246669 0.641339 0.726525
-0.295707 0.624270 0.723079
-0.295707 0.624270 0.723079
-0.281592 0.596313 0.751743
-0.295707 0.624270 0.723079
-0.353447 0.674762 0.647897
-0.364100 0.712369 0.599969
-0.349035 0.713936 0.607017
-0.361223 0.591091 0.721200
-0.418721 0.628082 0.655885
-0.424543 0.571500 0.702248
-0.415541 0.655276 0.630825
-0.427191 0.542204 0.723549
-0.469920 0.567145 0.676404
-0.450269 0.611079 0.651030
-0.472896 0.538123 0.697705
-0.441196 0.555580 0.704754
-0.530246 0.546314 0.648367
-0.549626 0.501130 0.668416
-0.536657 0.487870 0.688464
-0.605927 0.494309 0.623306
-0.605927 0.494309 0.623306
-0.611079 0.450269 0.651030
-0.614202 0.420243 0.667946
-0.609425 0.465087 0.642102
-0.640152 0.432103 0.635210
-0.643333 0.402083 0.651500
-0.641775 0.417154 0.643512
-0.646255 0.371597 0.666536
-0.674762 0.353447 0.647897
-0.674762 0.353447 0.647897
-0.658415 0.385414 0.646488
-0.663904 0.323856 0.674054
-0.674762 0.353447 0.647897
-0.678695 0.307029 0.667163
-0.674762 0.353447 0.647897
-0.668361 0.260824 0.696609
-0.669317 0.244872 0.701464
-0.667342 0.276703 0.691440
-0.682035 0.259823 0.683609
-0.676140 0.338070 0.654632
-0.680987 0.275638 0.678440
-0.683017 0.243935 0.688464
-0.654493 0.261797 0.709296
-0.669317 0.244872 0.701464
-0.669317 0.244872 0.701464
-0.665114 0.308224 0.680163
-0.669317 0.244872 0.701464
-0.657097 0.213557 0.722923
-0.601832 0.150458 0.784321
-0.628653 0.215065 0.747357
-0.628653 0.215065 0.747357
-0.654493 0.261797 0.709296
-0.657843 0.197353 0.726838
-0.669317 0.244872 0.701464
-0.631604 0.132969 0.763803
-0.644357 0.181742 0.742815
-0.669317 0.244872 0.701464
-0.628653 0.215065 0.747357
-0.641339 0.246669 0.726525
-0.659155 0.164789 0.733730
-0.631128 0.149478 0.761140
-0.656290 0.229702 0.718694
-0.672513 0.180430 0.717754
-0.671040 0.212769 0.710236
-0.659720 0.148437 0.736706
-0.672513 0.180430 0.717754
-0.672513 0.180430 0.717754
-0.657097 0.213557 0.722923
-0.645514 0.148965 0.749080
-0.657843 0.197353 0.726838
-0.632697 0.083250 0.769912
-0.632697 0.083250 0.769912
-0.632697 0.083250 0.769912
-0.646006 0.132514 0.751743
-0.646006 0.132514 0.751743
-0.646006 0.132514 0.751743
-0.645514 0.148965 0.749080
-0.644965 0.165376 0.746104
-0.671808 0.196627 0.714151
-0.615475 0.182979 0.766622
-0.603020 0.100503 0.791370
-0.658529 0.181095 0.730441
-0.659155 0.164789 0.733730
-0.657097 0.213557 0.722923
-0.658529 0.181095 0.730441
-0.657843 0.197353 0.726838
-0.654493 0.261797 0.709296
-0.644357 0.181742 0.742815
-0.654493 0.261797 0.709296
-0.653503 0.277739 0.704127
-0.569021 0.234303 0.788237
-0.564894 0.315676 0.762393
-0.570315 0.201288 0.796382
-0.569021 0.234303 0.788237
-0.569021 0.234303 0.788237
-0.608891 0.312674 0.729031
-0.566698 0.283349 0.773671
-0.550807 0.300440 0.778683
-0.563914 0.331714 0.756285
-0.564894 0.315676 0.762393
-0.562882 0.347663 0.749863
-0.502319 0.351623 0.789960
-0.499343 0.399474 0.768815
-0.466384 0.433070 0.771321
-0.482912 0.416303 0.770381
-0.464151 0.464151 0.754405
-0.437035 0.403417 0.803900
-0.436104 0.419331 0.796225
-0.403417 0.437035 0.803900
-0.372087 0.422827 0.826298
-0.397275 0.529700 0.749393
-0.355829 0.423606 0.833033
-0.305855 0.441790 0.843371
-0.300440 0.550807 0.778683
-0.305165 0.457748 0.835069
-0.334586 0.518608 0.786827
-0.304448 0.473586 0.826455
-0.304448 0.473586 0.826455
-0.284996 0.536463 0.794346
-0.305165 0.457748 0.835069
-0.286534 0.505648 0.813768
-0.238089 0.476178 0.846503
-0.239689 0.428017 0.871407
-0.222820 0.428500 0.875636
-0.218461 0.554554 0.802960
-0.203522 0.508804 0.836479
-0.154157 0.462471 0.873130
-0.103819 0.397972 0.911504
-0.170345 0.494000 0.852612
-0.171529 0.445975 0.878456
-0.170345 0.494000 0.852612
-0.136483 0.494751 0.858250
-0.170345 0.494000 0.852612
-0.170345 0.494000 0.852612
-0.170755 0.478113 0.861540
-0.153802 0.478495 0.864516
-0.052322 0.331375 0.942047
-0.087010 0.348042 0.933433
-0.087148 0.331161 0.939541
-0.104192 0.364673 0.925288
0.086032 0.447367 0.890203
-0.052609 0.263043 0.963349
-0.069744 0.331282 0.940951
-0.070038 0.280153 0.957397
-0.069946 0.297270 0.952228
-0.052474 0.297353 0.953324
-0.069946 0.297270 0.952228
-0.035158 0.228525 0.972903
-0.070038 0.280153 0.957397
-0.052543 0.280232 0.958493
0.035225 0.193735 0.980421
-0.035079 0.263095 0.964132
0.000000 0.211188 0.977445
0.000000 0.228561 0.973530
0.311265 0.276680 0.909155
0.242690 0.312030 0.918553
0.311265 0.276680 0.909155
0.311660 0.259717 0.914010
0.312373 0.225603 0.922782
0.343272 0.326108 0.880805
0.328867 0.242323 0.912757
0.346006 0.224904 0.910878
0.346006 0.224904 0.910878
0.380044 0.190022 0.905239
0.363067 0.207467 0.908372
0.379294 0.224128 0.897721
0.412201 0.223275 0.883311
0.428500 0.222820 0.875636
0.396583 0.189670 0.898191
0.426941 0.273242 0.862010
0.396583 0.189670 0.898191
0.396583 0.189670 0.898191
0.428947 0.205895 0.879552
0.462799 0.137126 0.875793
0.445156 0.205457 0.871564
0.395797 0.223711 0.890673
0.446328 0.154498 0.881432
0.396207 0.206717 0.894588
0.396583 0.189670 0.898191
0.396583 0.189670 0.898191
0.395797 0.223711 0.890673
0.395797 0.223711 0.890673
0.446644 0.137429 0.884094
0.379685 0.207101 0.901637
0.395354 0.240650 0.886444
0.379685 0.207101 0.901637
0.377929 0.274858 0.884094
0.395797 0.223711 0.890673
0.360376 0.308893 0.880179
0.362695 0.224525 0.904456
0.346006 0.224904 0.910878
0.319247 0.504074 0.802490
0.311660 0.259717 0.914010
0.310843 0.293574 0.903986
0.343272 0.326108 0.880805
0.308893 0.360376 0.880179
0.276680 0.311265 0.909155
-0.017472 0.314504 0.949095
-0.017497 0.297449 0.954577
-0.017542 0.263127 0.964602
-0.017542 0.263127 0.964602
-0.052400 0.314402 0.947842
-0.069518 0.364970 0.928420
-0.069518 0.364970 0.928420
-0.069744 0.331282 0.940951
-0.034990 0.297413 0.954108
-0.104192 0.364673 0.925288
-0.136811 0.478837 0.867178
-0.136811 0.478837 0.867178
-0.086866 0.364836 0.927011
-0.153802 0.478495 0.864516
-0.153433 0.494396 0.855588
-0.154157 0.462471 0.873130
-0.171149 0.462103 0.870154
-0.170345 0.494000 0.852612
-0.170345 0.494000 0.852612
-0.172242 0.413382 0.894119
-0.205895 0.428947 0.879552
-0.221850 0.460766 0.859347
-0.207101 0.379685 0.901637
-0.240180 0.411738 0.879082
-0.286534 0.505648 0.813768
-0.286534 0.505648 0.813768
-0.257025 0.411240 0.874540
-0.240180 0.411738 0.879082
-0.307759 0.393248 0.866395
-0.306517 0.425718 0.851359
-0.308340 0.376860 0.873443
-0.307759 0.393248 0.866395
-0.307152 0.409535 0.859034
-0.289292 0.442447 0.848853
-0.306517 0.425718 0.851359
-0.309921 0.327139 0.892709
-0.304448 0.473586 0.826455
-0.357285 0.391312 0.848070
-0.376276 0.324966 0.867648
-0.310843 0.293574 0.903986
-0.375660 0.341509 0.861540
-0.327139 0.309921 0.892709
-0.343801 0.309420 0.886600
-0.375012 0.357966 0.855118
-0.376276 0.324966 0.867648
-0.376860 0.308340 0.873443
-0.375660 0.341509 0.861540
-0.377411 0.291635 0.878926
-0.426941 0.273242 0.862010
-0.377411 0.291635 0.878926
-0.393248 0.307759 0.866395
-0.444186 0.239177 0.863419
-0.441095 0.322339 0.837575
-0.459678 0.255377 0.850576
-0.461251 0.205000 0.863263
-0.490037 0.287263 0.823009
-0.489300 0.303703 0.817527
-0.490731 0.270748 0.828178
-0.477227 0.204526 0.854648
-0.478113 0.170755 0.861540
-0.490037 0.287263 0.823009
-0.476178 0.238089 0.846503
-0.488519 0.320064 0.811732
-0.489300 0.303703 0.817527
-0.493561 0.187213 0.849323
-0.478837 0.136811 0.867178
-0.461697 0.188099 0.866865
-0.430072 0.154826 0.889420
-0.473586 0.304448 0.826455
-0.462799 0.137126 0.875793
-0.447367 0.086032 0.890203
-0.508804 0.203522 0.836479
-0.461697 0.188099 0.866865
-0.476723 0.221336 0.850732
-0.447534 0.068851 0.891612
-0.460766 0.221850 0.859347
-0.508804 0.203522 0.836479
-0.493561 0.187213 0.849323
-0.446922 0.120325 0.886444
-0.447367 0.086032 0.890203
-0.446644 0.137429 0.884094
-0.447367 0.086032 0.890203
-0.477691 0.187664 0.858250
-0.446922 0.120325 0.886444
-0.445156 0.205457 0.871564
-0.445156 0.205457 0.871564
-0.445975 0.171529 0.878456
-0.444186 0.239177 0.863419
-0.443065 0.272655 0.854021
-0.443065 0.272655 0.854021
-0.378871 0.241100 0.893492
-0.379294 0.224128 0.897721
-0.340862 0.391992 0.854491
-0.362695 0.224525 0.904456
-0.312030 0.242690 0.918553
-0.311660 0.259717 0.914010
-0.312373 0.225603 0.922782
-0.277801 0.260438 0.924661
-0.259323 0.328476 0.908215
-0.259323 0.328476 0.908215
-0.244220 0.226776 0.942830
-0.225263 0.329230 0.916986
-0.225263 0.329230 0.916986
-0.209770 0.227251 0.950975
-0.209770 0.227251 0.950975
-0.208461 0.312691 0.926697
-0.174506 0.279210 0.944240
-0.174724 0.262086 0.949095
-0.174506 0.279210 0.944240
-0.157372 0.262286 0.952071
-0.156967 0.296494 0.942047
-0.104531 0.331014 0.937818
-0.105104 0.262759 0.959120
-0.087821 0.228334 0.969614
-0.070206 0.245722 0.966795
-0.069848 0.314314 0.946746
-0.034585 0.415019 0.909155
-0.035036 0.280288 0.959276
-0.052474 0.297353 0.953324
-0.017598 0.211180 0.977289
-0.035079 0.263095 0.964132
-0.035079 0.263095 0.964132
0.035304 0.141215 0.989349
0.035280 0.158761 0.986687
0.052870 0.176234 0.982927
0.035304 0.141215 0.989349
0.052870 0.176234 0.982927
0.070474 0.176185 0.981831
0.035280 0.158761 0.986687
0.052945 0.141188 0.988566
0.000000 0.228561 0.973530
0.017598 0.211180 0.977289
0.017598 0.211180 0.977289
0.035325 0.123636 0.991699
-0.035325 0.123636 0.991699
-0.052945 0.141188 0.988566
-0.035280 0.158761 0.986687
-0.035358 0.088395 0.995458
-0.035370 0.070741 0.996867
-0.053027 0.088378 0.994675
-0.070574 0.141149 0.987470
-0.070652 0.105978 0.991855
-0.035280 0.158761 0.986687
-0.070683 0.088353 0.993578
-0.070708 0.070708 0.994988
-0.105540 0.193490 0.975409
-0.105444 0.210887 0.971807
-0.052726 0.228479 0.972120
-0.035380 0.053070 0.997964
-0.070527 0.158686 0.984807
-0.087908 0.210979 0.973530
-0.035225 0.193735 0.980421
-0.035120 0.245839 0.968674
-0.070282 0.228416 0.971024
-0.105444 0.210887 0.971807
-0.070282 0.228416 0.971024
-0.070282 0.228416 0.971024
-0.087908 0.210979 0.973530
-0.105628 0.176046 0.978698
-0.087821 0.228334 0.969614
-0.070282 0.228416 0.971024
-0.087821 0.228334 0.969614
-0.087988 0.193574 0.977132
0.000000 0.228561 0.973530
-0.105540 0.193490 0.975409
-0.087821 0.228334 0.969614
-0.087821 0.228334 0.969614
-0.087908 0.210979 0.973530
-0.070416 0.193643 0.978542
-0.052826 0.193697 0.979638
-0.087988 0.193574 0.977132
-0.052826 0.193697 0.979638
-0.087908 0.210979 0.973530
-0.087821 0.228334 0.969614
-0.087908 0.210979 0.973530
-0.035120 0.245839 0.968674
-0.105339 0.228234 0.967891
-0.052826 0.193697 0.979638
-0.087988 0.193574 0.977132
-0.052826 0.193697 0.979638
-0.035158 0.228525 0.972903
-0.052826 0.193697 0.979638
-0.035225 0.193735 0.980421
-0.035391 0.017696 0.999217
-0.035393 0.000000 0.999373
-0.035393 0.000000 0.999373
-0.035393 0.000000 0.999373
-0.070741 0.035370 0.996867
-0.088187 0.141099 0.986060
-0.053077 0.017692 0.998434
-0.088187 0.141099 0.986060
-0.053077 0.017692 0.998434
-0.035393 0.000000 0.999373
-0.035391 -0.017696 0.999217
-0.035393 0.000000 0.999373
-0.105895 0.105895 0.988723
-0.105895 0.105895 0.988723
-0.052910 0.158730 0.985903
-0.105895 0.105895 0.988723
-0.105978 0.070652 0.991855
-0.105895 0.105895 0.988723
-0.106007 0.053004 0.992952
-0.106007 0.053004 0.992952
-0.088322 0.088322 0.992169
-0.070749 -0.017687 0.997337
-0.105895 0.105895 0.988723
-0.070741 0.035370 0.996867
-0.070741 0.035370 0.996867
-0.088239 0.123534 0.988409
-0.105978 0.070652 0.991855
-0.105841 0.123481 0.986687
-0.105778 0.141037 0.984337
-0.105707 -0.158561 0.981674
-0.158629 0.088127 0.983397
-0.158686 0.070527 0.984807
-0.176123 0.088061 0.980421
-0.176123 0.088061 0.980421
-0.105941 0.088284 0.990446
-0.175955 0.123169 0.976662
-0.175955 0.123169 0.976662
-0.123534 0.088239 0.988409
-0.193390 0.123066 0.973373
-0.158629 0.088127 0.983397
-0.175292 0.210350 0.961782
-0.158027 0.193144 0.968361
-0.158385 0.140787 0.977289
-0.175453 0.192998 0.965385
-0.157882 0.210510 0.964758
-0.158278 0.158278 0.974626
-0.158027 0.193144 0.968361
-0.140787 0.158385 0.977289
-0.105778 0.141037 0.984337
-0.105778 0.141037 0.984337
-0.088187 0.141099 0.986060
-0.105540 0.193490 0.975409
-0.088061 0.176123 0.980421
-0.070282 0.228416 0.971024
-0.035304 0.141215 0.989349
-0.035280 0.158761 0.986687
0.035280 0.158761 0.986687
0.035280 0.158761 0.986687
0.035158 0.228525 0.972903
0.035158 0.228525 0.972903
0.035158 0.228525 0.972903
0.000000 0.193766 0.981048
0.017562 0.245869 0.969144
0.017614 0.193758 0.980891
-0.017581 0.228552 0.973373
-0.017598 0.211180 0.977289
0.000000 0.193766 0.981048
-0.017598 0.211180 0.977289
-0.034990 0.297413 0.954108
-0.017598 0.211180 0.977289
-0.052543 0.280232 0.958493
-0.052474 0.297353 0.953324
-0.069744 0.331282 0.940951
-0.069848 0.314314 0.946746
-0.069848 0.314314 0.946746
-0.069848 0.314314 0.946746
-0.069744 0.331282 0.940951
-0.069744 0.331282 0.940951
-0.104010 0.381370 0.918553
-0.052474 0.297353 0.953324
-0.104192 0.364673 0.925288
-0.104192 0.364673 0.925288
-0.104192 0.364673 0.925288
-0.069397 0.381681 0.921685
-0.069397 0.381681 0.921685
-0.104192 0.364673 0.925288
-0.087010 0.348042 0.933433
-0.069397 0.381681 0.921685
-0.104192 0.364673 0.925288
-0.052153 0.365073 0.929517
-0.052322 0.331375 0.942047
0.314707 0.579723 0.751586
-0.086714 0.381541 0.920276
0.302930 0.504884 0.808286
0.298636 0.580681 0.757381
0.361223 0.591091 0.721200
0.346587 0.577645 0.739056
0.391091 0.602933 0.695356
0.394921 0.559471 0.728718
0.423154 0.585905 0.691127
0.427191 0.542204 0.723549
0.489338 0.521961 0.698645
0.479769 0.607708 0.632861
0.481492 0.593840 0.644608
0.484782 0.565579 0.667163
0.479769 0.607708 0.632861
0.534984 0.613658 0.580703
0.474284 0.648189 0.595740
0.548833 0.611556 0.569896
0.532886 0.626924 0.568330
0.464049 0.711541 0.527606
0.466208 0.699313 0.541859
0.480254 0.697143 0.532305
0.482433 0.684744 0.546245
0.478015 0.709313 0.518052
0.419310 0.729911 0.539823
0.447798 0.725741 0.522281
0.404867 0.731876 0.548124
0.357336 0.761280 0.541076
0.344257 0.751106 0.563317
0.347484 0.726558 0.592764
0.279725 0.792554 0.541859
0.278258 0.803856 0.525726
0.333536 0.818679 0.467460
0.335435 0.808093 0.484220
0.273635 0.836106 0.475448
0.279296 0.881989 0.379591
0.266929 0.874936 0.404025
0.276754 0.814887 0.509280
0.223666 0.879754 0.419532
0.210430 0.871781 0.442400
0.209089 0.881160 0.424074
0.149160 0.894961 0.420471
0.105386 0.888255 0.447098
0.148162 0.903787 0.401519
0.106051 0.878711 0.465424
0.090964 0.879322 0.467460
0.090395 0.888880 0.449135
0.090395 0.888880 0.449135
0.059135 0.916599 0.395411
0.087978 0.923772 0.372700
-0.029791 0.908622 0.416556
-0.029791 0.908622 0.416556
-0.059542 0.908019 0.414676
-0.073882 0.916136 0.394001
-0.029167 0.933335 0.357820
-0.090395 0.888880 0.449135
-0.147140 0.912267 0.382254
-0.147140 0.912267 0.382254
-0.382975 0.839600 0.385230
-0.234983 0.895874 0.377085
-0.373927 0.822639 0.428303
-0.252592 0.876642 0.409507
-0.259562 0.908467 0.327590
-0.414516 0.857620 0.304409
-0.424150 0.862439 0.276216
-0.398682 0.868557 0.294385
-0.427288 0.854576 0.295168
-0.398682 0.868557 0.294385
-0.424150 0.862439 0.276216
-0.420348 0.840697 0.341374
-0.433343 0.837796 0.332133
-0.395704 0.876201 0.275119
-0.424150 0.862439 0.276216
-0.443077 0.843275 0.304252
-0.487034 0.816498 0.310048
-0.490313 0.807574 0.327747
-0.476705 0.841244 0.255071
-0.502651 0.768760 0.395411
-0.565395 0.777418 0.275589
-0.595557 0.751536 0.283734
-0.576641 0.773542 0.262902
-0.595557 0.751536 0.283734
-0.584313 0.755332 0.296734
-0.595557 0.751536 0.283734
-0.583556 0.778074 0.232516
-0.631995 0.730305 0.259300
-0.625286 0.724763 0.289373
-0.646521 0.716795 0.261179
-0.636465 0.694326 0.335892
-0.665708 0.665708 0.337145
-0.599360 0.742065 0.300180
-0.689199 0.675133 0.263059
-0.650563 0.707134 0.276999
-0.668892 0.683123 0.293132
-0.704749 0.632836 0.320699
-0.725753 0.595118 0.345133
-0.722238 0.606680 0.332133
-0.722238 0.606680 0.332133
-0.725753 0.595118 0.345133
-0.729168 0.583334 0.357820
-0.732483 0.571337 0.370193
-0.718620 0.618013 0.318819
-0.725018 0.562259 0.397760
-0.735700 0.559132 0.382254
-0.771646 0.489698 0.405905
-0.778913 0.499680 0.378965
-0.788772 0.496634 0.362205
-0.785637 0.509209 0.351398
-0.797566 0.457862 0.392748
-0.807904 0.403952 0.429086
-0.831666 0.458850 0.312710
-0.819761 0.474599 0.320542
-0.805465 0.417648 0.420471
-0.837080 0.396512 0.376928
-0.853605 0.353216 0.382880
-0.853605 0.353216 0.382880
-0.860106 0.311418 0.404025
-0.884181 0.318885 0.341374
-0.894469 0.302965 0.328843
-0.883839 0.265152 0.385386
-0.894191 0.249201 0.371916
-0.898676 0.275401 0.341374
-0.902446 0.247445 0.352651
-0.904168 0.233334 0.357820
-0.905784 0.219141 0.362675
-0.907292 0.204872 0.367217
-0.908694 0.190533 0.371446
-0.893924 0.163886 0.417182
-0.902446 0.247445 0.352651
-0.893924 0.163886 0.417182
-0.893924 0.163886 0.417182
-0.893924 0.163886 0.417182
-0.893924 0.163886 0.417182
-0.908694 0.190533 0.371446
-0.908694 0.190533 0.371446
-0.896627 0.289235 0.335265
-0.897452 0.220685 0.381941
-0.902446 0.247445 0.352651
-0.905784 0.219141 0.362675
-0.898676 0.275401 0.341374
-0.902446 0.247445 0.352651
-0.902446 0.247445 0.352651
-0.874936 0.266929 0.404025
-0.858041 0.325464 0.397290
-0.851233 0.366911 0.375206
-0.876872 0.359374 0.319289
-0.868670 0.361946 0.338241
-0.851233 0.366911 0.375206
-0.843490 0.407202 0.350302
-0.840697 0.420348 0.341374
-0.802930 0.431203 0.411544
-0.797566 0.457862 0.392748
-0.788772 0.496634 0.362205
-0.794736 0.470954 0.382880
-0.779053 0.533796 0.328843
-0.744772 0.521340 0.416556
-0.729168 0.583334 0.357820
-0.768374 0.569166 0.292662
-0.756232 0.552631 0.350302
-0.732483 0.571337 0.370193
-0.722238 0.606680 0.332133
-0.732483 0.571337 0.370193
-0.718620 0.618013 0.318819
-0.697858 0.625165 0.349518
-0.694326 0.636465 0.335892
-0.683637 0.640000 0.350771
-0.601871 0.704629 0.375832
-0.650051 0.650051 0.393531
-0.662072 0.676465 0.322578
-0.654501 0.697186 0.292505
-0.628602 0.687076 0.364398
-0.561155 0.762596 0.321795
-0.564636 0.752848 0.338241
-0.572844 0.759018 0.309421
-0.564636 0.752848 0.338241
-0.523215 0.806034 0.276686
-0.495813 0.821633 0.281228
-0.499286 0.813123 0.299240
-0.487034 0.816498 0.310048
-0.427288 0.854576 0.295168
-0.487034 0.816498 0.310048
-0.474599 0.819761 0.320542
-0.464614 0.844754 0.265565
-0.411494 0.865556 0.285457
-0.411494 0.865556 0.285457
-0.420348 0.840697 0.341374
-0.398682 0.868557 0.294385
-0.411494 0.865556 0.285457
-0.409909 0.834458 0.368314
-0.414516 0.857620 0.304409
-0.377919 0.857585 0.348892
-0.234983 0.895874 0.377085
-0.245647 0.910341 0.333072
-0.174869 0.918063 0.355784
-0.086684 0.939075 0.332602
-0.029380 0.925457 0.377712
-0.042734 0.954392 0.295481
-0.014586 0.933497 0.358290
0.029167 0.933335 0.357820
0.088603 0.915569 0.392278
0.089214 0.907013 0.411544
0.105386 0.888255 0.447098
0.114493 0.944570 0.307698
0.155627 0.947908 0.277939
0.184878 0.938612 0.291252
0.204872 0.907292 0.367217
0.284807 0.854421 0.434568
0.265152 0.883839 0.385386
0.263332 0.892402 0.366434
0.287106 0.904385 0.315686
0.396512 0.837080 0.376928
0.427288 0.854576 0.295168
0.439113 0.819677 0.367844
0.470954 0.794736 0.382880
0.490313 0.807574 0.327747
0.549256 0.766067 0.333855
0.571337 0.732483 0.370193
0.555923 0.746107 0.366434
0.610201 0.711901 0.347639
0.650051 0.650051 0.393531
0.614295 0.728583 0.302999
0.682457 0.608277 0.405278
0.658141 0.658141 0.365651
0.650051 0.650051 0.393531
0.658141 0.658141 0.365651
0.682457 0.608277 0.405278
0.696827 0.593044 0.403399
0.718653 0.586656 0.373326
0.721884 0.574560 0.385700
0.735700 0.559132 0.382254
0.735700 0.559132 0.382254
0.761136 0.492500 0.422038
0.765777 0.515427 0.384603
0.777128 0.463288 0.425953
0.794736 0.470954 0.382880
0.807904 0.403952 0.429086
0.814649 0.362066 0.453050
0.814649 0.362066 0.453050
0.820555 0.319105 0.474195
0.802328 0.293158 0.519931
0.812495 0.376155 0.445376
0.791064 0.294710 0.536064
0.791064 0.294710 0.536064
0.789489 0.309604 0.529955
0.779536 0.296224 0.551883
0.832328 0.200375 0.516798
0.780990 0.281156 0.557679
0.771032 0.370095 0.518208
0.782363 0.266003 0.563161
0.787830 0.324401 0.523534
0.772899 0.355533 0.525570
-0.140563 0.193275 0.971024
0.778000 0.311200 0.545775
0.806657 0.248202 0.536377
0.787830 0.324401 0.523534
0.742024 0.315755 0.591354
0.740525 0.330873 0.584932
0.767752 0.297700 0.567390
0.723264 0.377355 0.578354
0.715760 0.435680 0.545775
0.673990 0.599103 0.432219
0.602459 0.602459 0.523534
0.721503 0.392121 0.570679
0.650567 0.542139 0.531835
0.637972 0.607593 0.473099
0.593881 0.578252 0.559402
0.568834 0.568834 0.594017
0.584577 0.552979 0.593704
0.534984 0.613658 0.580703
0.494147 0.694894 0.522437
0.468311 0.686856 0.555799
0.459554 0.735287 0.498160
0.386509 0.757557 0.526040
0.410866 0.776080 0.478424
0.373818 0.747637 0.548908
0.326081 0.776382 0.539353
0.307967 0.800714 0.513823
0.276754 0.814887 0.509280
0.296224 0.779536 0.551883
0.226511 0.860741 0.455870
0.168036 0.855455 0.489858
0.218974 0.797690 0.561908
0.106701 0.868852 0.483436
0.092595 0.848791 0.520558
0.125953 0.802953 0.582583
0.045548 0.880588 0.471689
-0.030558 0.870914 0.490485
-0.030739 0.860700 0.508184
-0.060708 0.880260 0.470593
-0.015094 0.890559 0.454617
-0.366180 0.793390 0.486256
-0.364148 0.804161 0.469810
-0.376155 0.812495 0.445376
-0.412552 0.825103 0.386013
-0.387795 0.820336 0.420315
-0.394599 0.789198 0.470593
-0.387795 0.820336 0.420315
-0.387795 0.820336 0.420315
-0.409909 0.834458 0.368314
-0.425907 0.822441 0.377085
-0.394599 0.789198 0.470593
-0.431203 0.802930 0.411544
-0.438674 0.771462 0.460882
-0.439113 0.819677 0.367844
-0.484495 0.741883 0.463545
-0.500491 0.727986 0.468557
-0.495232 0.750351 0.437857
-0.552713 0.717034 0.424700
-0.555592 0.705752 0.439580
-0.492500 0.761136 0.422038
-0.583742 0.688516 0.430339
-0.623391 0.667919 0.406531
-0.620224 0.679293 0.392278
-0.626473 0.656305 0.420471
-0.635219 0.620095 0.460412
-0.632385 0.632385 0.447412
-0.647372 0.617262 0.447098
-0.679293 0.620224 0.392278
-0.667919 0.623391 0.406531
-0.685531 0.596114 0.417965
-0.622526 0.560274 0.546401
-0.673026 0.550657 0.493774
-0.692567 0.507882 0.512256
-0.694222 0.558396 0.454147
-0.722687 0.526959 0.447255
-0.727986 0.500491 0.468557
-0.718876 0.489448 0.493617
-0.739298 0.497895 0.453364
-0.723535 0.461831 0.513039
-0.744380 0.470934 0.473412
-0.762714 0.427120 0.485629
-0.762714 0.427120 0.485629
-0.760419 0.441043 0.476701
-0.751351 0.429343 0.501136
-0.778000 0.311200 0.545775
-0.771032 0.370095 0.518208
-0.772899 0.355533 0.525570
-0.764677 0.327719 0.554859
-0.778000 0.311200 0.545775
-0.764677 0.327719 0.554859
-0.769170 0.282552 0.573185
-0.792554 0.279725 0.541859
-0.793962 0.264654 0.547341
-0.792554 0.279725 0.541859
-0.780990 0.281156 0.557679
-0.788026 0.189126 0.585872
-0.776032 0.190049 0.601378
-0.783656 0.250770 0.568330
-0.806657 0.248202 0.536377
-0.788921 0.173563 0.589475
-0.788921 0.173563 0.589475
-0.788921 0.173563 0.589475
-0.788921 0.173563 0.589475
-0.788921 0.173563 0.589475
-0.788921 0.173563 0.589475
-0.784868 0.235460 0.573185
-0.751314 0.191825 0.631451
-0.779536 0.296224 0.551883
-0.769170 0.282552 0.573185
-0.766255 0.312757 0.561281
-0.783656 0.250770 0.568330
-0.757103 0.283913 0.588378
-0.780990 0.281156 0.557679
-0.779536 0.296224 0.551883
-0.734658 0.255533 0.628475
-0.733491 0.271073 0.623306
-0.726558 0.347484 0.592764
-0.665073 0.443382 0.600908
-0.683368 0.397307 0.612499
-0.724948 0.362474 0.585715
-0.699566 0.365682 0.613909
-0.709013 0.393896 0.584932
-0.682556 0.496404 0.536377
-0.665511 0.526218 0.529329
-0.666860 0.428695 0.609523
-0.653606 0.430423 0.622523
-0.646245 0.488624 0.586185
-0.663216 0.457935 0.591981
-0.642148 0.516851 0.566137
-0.629018 0.518940 0.578824
-0.631043 0.504835 0.589005
-0.588471 0.524853 0.615005
-0.538998 0.586556 0.604511
-0.542773 0.558737 0.627066
-0.499504 0.563956 0.657608
-0.454922 0.568653 0.685332
-0.424543 0.571500 0.702248
-0.424543 0.571500 0.702248
-0.412175 0.681673 0.604511
-0.398944 0.670226 0.625813
-0.353447 0.674762 0.647897
-0.352016 0.688032 0.634584
-0.362474 0.724948 0.585715
-0.333868 0.715431 0.613752
-0.332390 0.728092 0.599499
-0.330873 0.740525 0.584932
-0.336707 0.689448 0.641319
-0.330873 0.740525 0.584932
-0.276703 0.667342 0.691440
-0.344257 0.751106 0.563317
0.097248 0.729356 0.677187
0.112407 0.754732 0.646331
0.180430 0.672513 0.717754
0.243935 0.683017 0.688464
0.225209 0.723887 0.652126
0.239919 0.735752 0.633331
0.292504 0.666260 0.685958
0.290213 0.693286 0.659644
0.303241 0.718203 0.626282
0.352016 0.688032 0.634584
0.383889 0.671806 0.633487
0.382321 0.684993 0.620174
0.391091 0.602933 0.695356
0.487870 0.536657 0.688464
0.487870 0.536657 0.688464
0.438349 0.584465 0.682826
0.436857 0.598656 0.671392
0.436857 0.598656 0.671392
0.469920 0.567145 0.676404
0.477994 0.621392 0.620800
0.496094 0.592113 0.635054
0.487870 0.536657 0.688464
0.487870 0.536657 0.688464
0.520970 0.615692 0.591197
0.479769 0.607708 0.632861
0.546314 0.530246 0.648367
0.515763 0.547999 0.658548
0.472348 0.661288 0.582739
0.547999 0.515763 0.658548
0.520970 0.615692 0.591197
0.522940 0.602174 0.603258
0.562511 0.609387 0.558775
0.537021 0.600200 0.592764
0.514080 0.562275 0.647741
0.537021 0.600200 0.592764
0.537021 0.600200 0.592764
0.514080 0.562275 0.647741
0.537021 0.600200 0.592764
0.591639 0.591639 0.547654
0.514080 0.562275 0.647741
0.568834 0.568834 0.594017
0.568834 0.568834 0.594017
0.592214 0.652954 0.472159
0.521454 0.690160 0.501762
0.494147 0.694894 0.522437
0.496404 0.682556 0.536377
0.498601 0.669995 0.550004
0.498601 0.669995 0.550004
0.473356 0.732939 0.488605
0.508373 0.747608 0.427363
0.481922 0.753003 0.448038
0.454821 0.758036 0.467460
0.465901 0.766483 0.442086
0.475716 0.721247 0.503485
0.441895 0.810140 0.385230
0.420105 0.795199 0.437231
0.457862 0.797566 0.392748
0.380477 0.848757 0.367217
0.371644 0.832483 0.410917
0.343730 0.836907 0.425953
0.341590 0.846549 0.408254
0.293345 0.880034 0.373483
0.265152 0.883839 0.385386
0.263332 0.892402 0.366434
0.270362 0.856145 0.440363
0.206311 0.898925 0.386483
0.209089 0.881160 0.424074
0.148162 0.903787 0.401519
0.086684 0.939075 0.332602
0.089811 0.898113 0.430496
0.090395 0.888880 0.449135
0.000000 0.917421 0.397917
-0.029791 0.908622 0.416556
-0.087978 0.923772 0.372700
-0.073361 0.924352 0.374422
-0.073361 0.924352 0.374422
-0.087978 0.923772 0.372700
-0.173581 0.925768 0.335892
-0.147140 0.912267 0.382254
-0.184878 0.938612 0.291252
-0.207716 0.890211 0.405435
-0.391245 0.854942 0.340590
-0.414516 0.857620 0.304409
-0.423161 0.831731 0.359386
-0.255612 0.923044 0.287493
-0.424150 0.862439 0.276216
-0.396512 0.837080 0.376928
-0.427288 0.854576 0.295168
-0.411494 0.865556 0.285457
-0.423161 0.831731 0.359386
-0.423161 0.831731 0.359386
-0.487034 0.816498 0.310048
-0.490313 0.807574 0.327747
-0.480862 0.801437 0.355627
-0.533796 0.779053 0.328843
-0.499286 0.813123 0.299240
-0.540424 0.759515 0.362049
-0.576430 0.749359 0.325867
-0.572844 0.759018 0.309421
-0.546726 0.738819 0.394001
-0.613631 0.701292 0.362832
-0.613631 0.701292 0.362832
-0.647525 0.690694 0.321952
-0.628602 0.687076 0.364398
-0.662072 0.676465 0.322578
-0.629110 0.714898 0.305192
-0.654501 0.697186 0.292505
-0.658141 0.658141 0.365651
-0.715326 0.598538 0.360639
-0.704629 0.601871 0.375832
-0.738819 0.546726 0.394001
-0.729168 0.583334 0.357820
-0.718653 0.586656 0.373326
-0.735700 0.559132 0.382254
-0.741843 0.534127 0.405435
-0.744772 0.521340 0.416556
-0.747608 0.508373 0.427363
-0.739298 0.497895 0.453364
-0.758036 0.454821 0.467460
-0.750351 0.495232 0.437857
-0.736624 0.511127 0.442869
-0.753003 0.481922 0.448038
-0.747608 0.508373 0.427363
-0.746790 0.457218 0.482967
-0.762714 0.427120 0.485629
-0.795199 0.420105 0.437231
-0.749113 0.443353 0.492208
-0.758036 0.454821 0.467460
-0.758036 0.454821 0.467460
-0.784731 0.473800 0.399640
-0.744380 0.470934 0.473412
-0.762714 0.427120 0.485629
-0.762714 0.427120 0.485629
-0.764922 0.413058 0.494244
-0.760419 0.441043 0.476701
-0.764922 0.413058 0.494244
-0.764922 0.413058 0.494244
-0.755564 0.468450 0.457906
-0.753003 0.481922 0.448038
-0.727986 0.500491 0.468557
-0.775855 0.512357 0.368157
-0.744772 0.521340 0.416556
-0.744772 0.521340 0.416556
-0.738819 0.546726 0.394001
-0.744772 0.521340 0.416556
-0.735700 0.559132 0.382254
-0.735700 0.559132 0.382254
-0.732483 0.571337 0.370193
-0.711017 0.577702 0.400893
-0.690420 0.616971 0.377712
-0.704749 0.632836 0.320699
-0.672689 0.643442 0.365338
-0.662072 0.676465 0.322578
-0.664750 0.635206 0.393218
-0.610201 0.711901 0.347639
-0.605116 0.693670 0.390712
-0.595118 0.725753 0.345133
-0.603067 0.732295 0.316313
-0.572844 0.759018 0.309421
-0.562259 0.725018 0.397760
-0.561155 0.762596 0.321795
-0.528020 0.762696 0.373483
-0.528020 0.762696 0.373483
-0.486826 0.781871 0.389459
-0.499680 0.778913 0.378965
-0.493512 0.798329 0.345133
-0.423161 0.831731 0.359386
-0.396512 0.837080 0.376928
-0.366911 0.851233 0.375206
-0.385720 0.871442 0.302999
-0.404429 0.852191 0.331976
-0.423161 0.831731 0.359386
-0.423161 0.831731 0.359386
-0.423161 0.831731 0.359386
-0.420348 0.840697 0.341374
-0.404429 0.852191 0.331976
-0.387795 0.820336 0.420315
-0.257610 0.915947 0.307698
-0.387795 0.820336 0.420315
-0.407202 0.843490 0.350302
-0.231645 0.912104 0.338241
-0.233334 0.904168 0.357820
-0.407202 0.843490 0.350302
-0.131628 0.921397 0.365651
-0.131628 0.921397 0.365651
-0.089214 0.907013 0.411544
-0.059940 0.899096 0.433628
-0.088603 0.915569 0.392278
-0.059542 0.908019 0.414676
-0.029791 0.908622 0.416556
-0.014898 0.908773 0.417026
0.014477 0.941004 0.338084
0.029791 0.908622 0.416556
0.028726 0.947958 0.317096
0.089811 0.898113 0.430496
0.087339 0.931611 0.352808
0.088603 0.915569 0.392278
0.150136 0.885800 0.439110
0.117117 0.922295 0.368314
0.149160 0.894961 0.420471
0.150136 0.885800 0.439110
0.147140 0.912267 0.382254
0.206311 0.898925 0.386483
0.191866 0.900295 0.390712
0.236595 0.887230 0.396037
0.263332 0.892402 0.366434
0.263332 0.892402 0.366434
0.284807 0.854421 0.434568
0.270362 0.856145 0.440363
0.283013 0.863936 0.416556
0.293345 0.880034 0.373483
0.266929 0.874936 0.404025
0.313409 0.850681 0.422038
0.295328 0.871219 0.392122
0.359933 0.824846 0.435978
0.390119 0.810247 0.437387
0.387795 0.820336 0.420315
0.377919 0.857585 0.348892
0.436263 0.828899 0.350145
0.428587 0.812838 0.394471
0.441895 0.810140 0.385230
0.441895 0.810140 0.385230
0.454821 0.758036 0.467460
0.495232 0.750351 0.437857
0.452363 0.769018 0.451641
0.516426 0.713883 0.472942
0.473800 0.784731 0.399640
0.513811 0.725380 0.458062
0.513811 0.725380 0.458062
0.526959 0.722687 0.447255
0.534856 0.687672 0.490955
0.548082 0.685103 0.479834
0.561126 0.682451 0.468400
0.592214 0.652954 0.472159
0.589892 0.707870 0.388519
0.592214 0.652954 0.472159
0.637972 0.607593 0.473099
0.650204 0.604841 0.459785
0.635206 0.664750 0.393218
0.676038 0.631948 0.378965
0.682457 0.608277 0.405278
0.756232 0.552631 0.350302
0.742807 0.568029 0.354374
0.775602 0.545794 0.317096
0.788772 0.496634 0.362205
0.822441 0.425907 0.377085
0.821633 0.495813 0.281228
0.802579 0.553502 0.222492
0.802579 0.553502 0.222492
0.802579 0.553502 0.222492
0.815432 0.561445 0.140888
0.802579 0.553502 0.222492
0.839933 0.514798 0.171744
0.835599 0.525619 0.159684
0.863189 0.445517 0.237528
0.886497 0.379927 0.264155
0.859631 0.457545 0.227347
0.848201 0.492504 0.194925
0.844133 0.503757 0.183491
0.795830 0.603290 0.051923
0.826521 0.546570 0.134623
0.801321 0.594528 0.066489
0.737805 0.674201 0.033127
0.731796 0.681327 0.016368
0.681327 0.731796 0.016368
0.693194 0.718867 0.052079
0.707127 0.693785 0.136502
0.633720 0.773138 0.025609
0.690127 0.703659 0.169081
0.617409 0.784624 0.056308
0.586118 0.799252 0.132900
0.624477 0.770631 0.127105
0.531023 0.847107 0.020597
0.531023 0.847107 0.020597
0.477082 0.878836 0.006343
0.510479 0.846320 0.152165
0.457736 0.875084 0.157178
0.370707 0.906172 0.203540
0.304650 0.952031 0.028741
0.257254 0.964702 0.056308
0.230237 0.972114 0.044561
0.247138 0.947362 0.203540
0.203347 0.978608 0.031248
0.152011 0.988075 0.024512
0.130040 0.988305 0.079646
0.038393 0.998219 0.045657
0.039269 0.994807 0.093899
-0.025605 0.998593 0.046441
-0.125577 0.992060 0.006813
-0.100743 0.994835 0.012452
-0.139589 0.989810 0.028115
-0.130040 0.988305 0.079646
-0.171861 0.978288 0.115827
-0.461957 0.885418 0.051296
-0.467231 0.883950 0.018091
-0.471224 0.877001 0.093899
-0.334926 0.940368 0.059441
-0.464778 0.876438 0.125852
-0.438310 0.889903 0.126322
-0.477082 0.878836 0.006343
-0.477082 0.878836 0.006343
-0.521670 0.852485 0.033597
-0.512061 0.857701 0.046284
-0.521670 0.852485 0.033597
-0.536415 0.842937 0.041428
-0.536415 0.842937 0.041428
