0.832981 -0.520613 0.187363
0.850853 -0.467969 0.238860
0.845190 -0.485984 0.222425
0.832981 -0.520613 0.187363
0.821965 -0.526901 0.216216
0.821965 -0.526901 0.216216
0.839186 -0.473387 0.267714
0.826421 -0.537174 0.168736
0.812356 -0.568649 0.129291
0.833729 -0.491686 0.251278
0.852284 -0.507312 0.127465
0.812356 -0.568649 0.129291
0.802101 -0.575868 0.158145
0.812356 -0.568649 0.129291
0.733217 -0.649421 0.201607
0.790967 -0.582818 0.186267
0.753019 -0.627516 0.197955
0.739983 -0.634271 0.223886
0.738648 -0.656576 0.152666
0.733217 -0.649421 0.201607
0.686249 -0.725463 0.052593
0.739983 -0.634271 0.223886
0.656196 -0.719698 0.226808
0.746469 -0.618503 0.245435
0.653017 -0.696551 0.297297
0.705463 -0.662708 0.251278
0.608108 -0.738417 0.291454
0.590933 -0.744137 0.311541
0.624729 -0.732441 0.270636
0.590933 -0.744137 0.311541
0.590933 -0.744137 0.311541
0.640768 -0.726204 0.249087
0.605303 -0.772283 0.192841
0.602146 -0.752682 0.266253
0.520867 -0.803003 0.289627
0.531382 -0.774931 0.342221
0.512487 -0.779871 0.359386
0.502475 -0.808330 0.306793
0.532958 -0.810095 0.244339
0.543764 -0.815646 0.197589
0.502475 -0.808330 0.306793
0.515305 -0.815900 0.262235
0.454660 -0.844369 0.283419
0.502475 -0.808330 0.306793
0.444187 -0.888374 0.116143
0.420448 -0.840896 0.340760
0.444742 -0.822772 0.353908
0.435528 -0.849280 0.298393
0.430662 -0.861324 0.269540
0.379862 -0.849102 0.367056
0.411418 -0.866142 0.283784
0.430662 -0.861324 0.269540
0.400322 -0.845123 0.354273
0.355409 -0.866310 0.350986
0.464389 -0.818209 0.338934
0.323507 -0.905820 0.273557
0.327335 -0.894715 0.303871
0.240750 -0.919229 0.311541
0.240750 -0.919229 0.311541
0.267743 -0.892478 0.363039
0.180399 -0.901993 0.392257
0.176475 -0.926495 0.332359
0.224431 -0.897723 0.379109
0.158159 -0.903766 0.397736
0.159783 -0.890220 0.426589
0.180399 -0.901993 0.392257
0.091689 -0.893972 0.438641
0.000000 -0.922479 0.386048
0.000000 -0.909533 0.415632
-0.022497 -0.922357 0.385683
-0.112126 -0.919435 0.376917
-0.109599 -0.942555 0.315559
-0.159783 -0.890220 0.426589
-0.087789 -0.943732 0.318846
-0.109599 -0.942555 0.315559
-0.358723 -0.907357 0.219138
-0.358723 -0.907357 0.219138
-0.375934 -0.862437 0.338934
-0.343537 -0.901784 0.262235
-0.406650 -0.877507 0.254200
-0.363261 -0.897469 0.250183
-0.430662 -0.861324 0.269540
-0.430662 -0.861324 0.269540
-0.432921 -0.886457 0.163623
-0.459614 -0.831683 0.311541
-0.449520 -0.856229 0.254565
-0.459614 -0.831683 0.311541
-0.444189 -0.867225 0.224982
-0.538792 -0.797412 0.271731
-0.507312 -0.852284 0.127465
-0.507312 -0.852284 0.127465
-0.575868 -0.802101 0.158145
-0.502475 -0.808330 0.306793
-0.589508 -0.778993 0.213660
-0.605611 -0.787294 0.115778
-0.605611 -0.787294 0.115778
-0.690544 -0.668965 0.275018
-0.634271 -0.739983 0.223886
-0.845190 -0.485984 0.222425
-0.813871 -0.575665 0.078890
-0.812356 -0.568649 0.129291
-0.877316 -0.438658 0.194668
-0.843102 -0.514086 0.157779
-0.877507 -0.406650 0.254200
-0.845190 -0.485984 0.222425
-0.855773 -0.480068 0.192841
-0.855773 -0.480068 0.192841
-0.845190 -0.485984 0.222425
-0.890822 -0.347638 0.292549
-0.920918 -0.334879 0.199416
-0.920918 -0.334879 0.199416
-0.929292 -0.295684 0.221329
-0.920918 -0.334879 0.199416
-0.874968 -0.371861 0.310080
-0.920918 -0.334879 0.199416
-0.886238 -0.310183 0.344047
-0.941561 -0.272006 0.198685
-0.928997 -0.330310 0.166910
-0.937680 -0.291723 0.188824
-0.937680 -0.291723 0.188824
-0.945140 -0.252037 0.207816
-0.936490 -0.255406 0.240321
-0.945136 -0.193323 0.263331
-0.945136 -0.193323 0.263331
-0.926495 -0.176475 0.332359
-0.948421 -0.231836 0.216216
-0.912581 -0.200323 0.356465
-0.942537 -0.214213 0.256392
-0.945136 -0.193323 0.263331
-0.942537 -0.214213 0.256392
-0.951407 -0.211424 0.223886
-0.951407 -0.211424 0.223886
-0.910244 -0.222011 0.349525
-0.912581 -0.200323 0.356465
-0.960449 -0.128060 0.247261
-0.951407 -0.211424 0.223886
-0.928398 -0.154733 0.337838
-0.899979 -0.202495 0.386048
-0.928398 -0.154733 0.337838
-0.939410 -0.152927 0.306793
-0.945136 -0.193323 0.263331
-0.948421 -0.231836 0.216216
-0.939656 -0.234914 0.248722
-0.939656 -0.234914 0.248722
-0.945136 -0.193323 0.263331
-0.945136 -0.193323 0.263331
-0.904808 -0.264822 0.333455
-0.898341 -0.306751 0.314463
-0.932691 -0.216905 0.288167
-0.923523 -0.279204 0.262966
-0.933036 -0.275670 0.231191
-0.873308 -0.313495 0.372900
-0.925254 -0.315428 0.210738
-0.866310 -0.355409 0.350986
-0.907653 -0.243517 0.341855
-0.890822 -0.347638 0.292549
-0.866310 -0.355409 0.350986
-0.831163 -0.404350 0.381665
-0.890822 -0.347638 0.292549
-0.882739 -0.331027 0.333455
-0.869933 -0.334589 0.362308
-0.838600 -0.362638 0.406501
-0.835000 -0.383648 0.394449
-0.823633 -0.366059 0.433163
-0.820162 -0.387299 0.421110
-0.732971 -0.425596 0.530679
-0.804622 -0.390816 0.447042
-0.784571 -0.493159 0.375822
-0.823633 -0.366059 0.433163
-0.820162 -0.387299 0.421110
-0.812538 -0.428840 0.394814
-0.789036 -0.473422 0.391527
-0.752974 -0.501982 0.425493
-0.706160 -0.569484 0.420745
-0.727626 -0.545720 0.415632
-0.714820 -0.530351 0.455807
-0.752974 -0.501982 0.425493
-0.706160 -0.569484 0.420745
-0.727626 -0.545720 0.415632
-0.684258 -0.593024 0.424397
-0.713121 -0.601696 0.359752
-0.881809 -0.460946 0.099708
-0.634616 -0.657281 0.406501
-0.657281 -0.634616 0.406501
-0.619354 -0.707834 0.339664
-0.578201 -0.670713 0.464573
-0.560036 -0.739248 0.373996
-0.477690 -0.773402 0.416728
-0.457340 -0.777479 0.431702
-0.481797 -0.757110 0.441198
-0.457340 -0.777479 0.431702
-0.436629 -0.781337 0.445946
-0.347612 -0.811095 0.470416
-0.341339 -0.841969 0.417823
-0.184053 -0.874251 0.449233
-0.180399 -0.901993 0.392257
-0.159783 -0.890220 0.426589
-0.158159 -0.903766 0.397736
-0.113324 -0.906595 0.406501
-0.115597 -0.878537 0.463477
-0.046360 -0.880836 0.471147
0.206615 -0.872376 0.443024
0.154733 -0.928398 0.337838
0.176475 -0.926495 0.332359
0.161350 -0.875902 0.454711
0.154733 -0.928398 0.337838
0.159783 -0.890220 0.426589
0.267743 -0.892478 0.363039
0.229020 -0.870276 0.436085
0.275905 -0.850708 0.447407
0.240750 -0.919229 0.311541
0.289082 -0.889483 0.353908
0.306751 -0.898341 0.314463
0.323507 -0.905820 0.273557
0.371861 -0.874968 0.310080
0.327335 -0.894715 0.303871
0.347638 -0.890822 0.292549
0.420448 -0.840896 0.340760
0.391810 -0.870689 0.297297
0.420448 -0.840896 0.340760
0.375934 -0.862437 0.338934
0.375934 -0.862437 0.338934
0.425615 -0.872510 0.239956
0.444742 -0.822772 0.353908
0.430662 -0.861324 0.269540
0.416015 -0.853926 0.312637
0.507575 -0.794465 0.333455
0.478609 -0.826689 0.295836
0.435528 -0.849280 0.298393
0.464389 -0.818209 0.338934
0.512487 -0.779871 0.359386
0.454660 -0.844369 0.283419
0.454660 -0.844369 0.283419
0.512487 -0.779871 0.359386
0.634271 -0.739983 0.223886
0.556225 -0.791551 0.253104
0.612030 -0.759761 0.219503
0.585228 -0.758629 0.286340
0.636471 -0.702312 0.318846
0.579299 -0.772399 0.260409
0.608108 -0.738417 0.291454
0.579299 -0.772399 0.260409
0.606765 -0.696656 0.382761
0.668965 -0.690544 0.275018
0.555027 -0.754836 0.349525
0.549820 -0.769748 0.324324
0.560036 -0.739248 0.373996
0.521766 -0.748620 0.409058
0.619354 -0.707834 0.339664
0.684285 -0.684285 0.252009
0.662708 -0.705463 0.251278
0.662708 -0.705463 0.251278
0.686274 -0.641999 0.341855
0.728958 -0.596420 0.336012
0.696656 -0.606765 0.382761
0.674974 -0.674974 0.298028
0.785413 -0.573139 0.233747
0.719698 -0.656196 0.226808
0.758629 -0.585228 0.286340
0.785413 -0.573139 0.233747
0.705463 -0.662708 0.251278
0.764315 -0.567777 0.305698
0.758629 -0.585228 0.286340
0.794465 -0.507575 0.333455
0.769748 -0.549820 0.324324
0.734220 -0.578476 0.355369
0.752682 -0.602146 0.266253
0.764315 -0.567777 0.305698
0.706160 -0.569484 0.420745
0.772399 -0.579299 0.260409
0.749609 -0.573230 0.330898
0.769748 -0.549820 0.324324
0.706160 -0.569484 0.420745
0.706160 -0.569484 0.420745
0.674718 -0.629736 0.384953
0.713121 -0.601696 0.359752
0.648069 -0.601779 0.466764
0.696656 -0.606765 0.382761
0.707834 -0.619354 0.339664
0.739248 -0.560036 0.373996
0.696656 -0.606765 0.382761
0.674718 -0.629736 0.384953
0.647306 -0.669627 0.364134
0.652399 -0.652399 0.385683
0.641999 -0.686274 0.341855
0.629736 -0.674718 0.384953
0.658782 -0.680742 0.320307
0.521766 -0.748620 0.409058
0.545720 -0.727626 0.415632
0.555027 -0.754836 0.349525
0.555027 -0.754836 0.349525
0.526143 -0.732025 0.432798
0.596420 -0.728958 0.336012
0.517215 -0.764579 0.384587
0.517215 -0.764579 0.384587
0.517215 -0.764579 0.384587
0.560036 -0.739248 0.373996
0.560036 -0.739248 0.373996
0.564853 -0.723012 0.397736
0.541125 -0.744046 0.391892
0.583520 -0.718179 0.379109
0.573932 -0.688718 0.443024
0.641999 -0.686274 0.341855
0.530351 -0.714820 0.455807
0.497655 -0.769103 0.401023
0.457340 -0.777479 0.431702
0.457340 -0.777479 0.431702
0.440308 -0.764746 0.470416
0.447253 -0.729729 0.517166
0.440308 -0.764746 0.470416
0.477690 -0.773402 0.416728
0.432808 -0.797277 0.420745
0.367623 -0.919058 0.142075
0.477690 -0.773402 0.416728
0.394205 -0.788410 0.472243
0.347612 -0.811095 0.470416
0.260335 -0.804671 0.533601
0.308364 -0.782769 0.540541
0.210450 -0.841798 0.497078
0.206615 -0.872376 0.443024
0.162862 -0.860844 0.482104
0.164321 -0.845078 0.508766
0.159783 -0.890220 0.426589
0.137185 -0.891700 0.431337
0.137185 -0.891700 0.431337
0.117712 -0.847529 0.517531
-0.118714 -0.830997 0.543462
-0.092581 -0.879523 0.466764
-0.047603 -0.833059 0.551132
-0.169644 -0.775516 0.608108
-0.287664 -0.767104 0.573411
-0.283223 -0.802464 0.525201
-0.293710 -0.709800 0.640248
-0.358828 -0.741578 0.566837
-0.459573 -0.653077 0.601899
-0.509337 -0.606353 0.610665
-0.442328 -0.614344 0.653397
-0.503295 -0.647094 0.572681
-0.576396 -0.576396 0.579255
-0.593569 -0.593569 0.543462
-0.593569 -0.593569 0.543462
-0.555373 -0.579520 0.596421
-0.593569 -0.593569 0.543462
-0.579520 -0.555373 0.596421
-0.600273 -0.552251 0.578524
-0.659824 -0.541998 0.520453
-0.666761 -0.500071 0.552593
-0.673006 -0.456682 0.581812
-0.689273 -0.475361 0.546749
-0.682403 -0.517685 0.516070
-0.685928 -0.496707 0.531775
-0.695430 -0.431646 0.574507
-0.681115 -0.389208 0.620161
-0.732971 -0.425596 0.530679
-0.695430 -0.431646 0.574507
-0.757067 -0.378533 0.532505
-0.703370 -0.363812 0.610665
-0.754084 -0.400607 0.520453
-0.717405 -0.406530 0.565741
-0.826880 -0.344533 0.444485
-0.687762 -0.319318 0.651936
-0.759858 -0.356184 0.543828
-0.780260 -0.331019 0.530679
-0.787211 -0.262404 0.558072
-0.727377 -0.315197 0.609569
-0.750513 -0.266311 0.604821
-0.729437 -0.291775 0.618700
-0.792452 -0.192110 0.578890
-0.731327 -0.268153 0.627100
-0.792452 -0.192110 0.578890
-0.714761 -0.221822 0.663258
-0.746403 -0.313008 0.587290
-0.709800 -0.293710 0.640248
-0.787211 -0.262404 0.558072
-0.731327 -0.268153 0.627100
-0.652326 -0.225805 0.723521
-0.647957 -0.299057 0.700511
-0.748546 -0.289760 0.596421
-0.694420 -0.223206 0.684076
-0.694420 -0.223206 0.684076
-0.789146 -0.239135 0.565741
-0.789146 -0.239135 0.565741
-0.769149 -0.264395 0.581812
-0.703370 -0.363812 0.610665
-0.764875 -0.310731 0.564280
-0.722740 -0.361370 0.589116
-0.741578 -0.358828 0.566837
-0.746403 -0.313008 0.587290
-0.707822 -0.317299 0.631118
-0.709800 -0.293710 0.640248
-0.722740 -0.361370 0.589116
-0.722740 -0.361370 0.589116
-0.698248 -0.409318 0.587290
-0.703370 -0.363812 0.610665
-0.681115 -0.389208 0.620161
-0.614344 -0.442328 0.653397
-0.611829 -0.464990 0.639883
-0.603390 -0.530983 0.594960
-0.609166 -0.487332 0.625639
-0.919058 -0.367623 0.142075
-0.611829 -0.464990 0.639883
-0.497303 -0.522169 0.692841
-0.517415 -0.542054 0.662162
-0.517415 -0.542054 0.662162
-0.519854 -0.519854 0.677867
-0.472234 -0.546798 0.691381
-0.906076 -0.391260 0.161066
-0.474422 -0.524361 0.707085
-0.417015 -0.637788 0.647553
-0.300691 -0.626439 0.719138
-0.348863 -0.622969 0.700146
-0.350694 -0.601190 0.718042
-0.323108 -0.646215 0.691381
-0.300691 -0.626439 0.719138
-0.225805 -0.652326 0.723521
-0.025301 -0.657832 0.752739
0.000000 -0.700493 0.713660
-0.025301 -0.657832 0.752739
-0.025301 -0.657832 0.752739
-0.025015 -0.700418 0.713294
0.074046 -0.740463 0.668006
0.472234 -0.546798 0.691381
0.074981 -0.699821 0.710373
0.099289 -0.719844 0.686998
0.122366 -0.758667 0.639883
0.149529 -0.697800 0.700511
0.303741 -0.582171 0.754200
0.297350 -0.669038 0.681154
0.227022 -0.630617 0.742148
0.276306 -0.627967 0.727538
0.273251 -0.670707 0.689554
0.273251 -0.670707 0.689554
0.417015 -0.637788 0.647553
0.439829 -0.635309 0.634770
0.396122 -0.618941 0.678232
0.372615 -0.621025 0.689554
0.376462 -0.577241 0.724617
0.372615 -0.621025 0.689554
0.419366 -0.616715 0.666180
0.446993 -0.571158 0.688459
0.403976 -0.530218 0.745435
0.376462 -0.577241 0.724617
0.423755 -0.573316 0.701242
0.464990 -0.611829 0.639883
0.487332 -0.609166 0.625639
0.487332 -0.609166 0.625639
0.585324 -0.512159 0.628561
0.563884 -0.514851 0.645727
0.585324 -0.512159 0.628561
0.472234 -0.546798 0.691381
0.566444 -0.492560 0.660701
0.629892 -0.484532 0.607012
0.655826 -0.437217 0.615413
0.590552 -0.467520 0.657779
0.650167 -0.481605 0.587655
0.655826 -0.437217 0.615413
0.658416 -0.414558 0.628196
0.653077 -0.459573 0.601899
0.667219 -0.321253 0.672023
0.681115 -0.389208 0.620161
0.744080 -0.336036 0.577429
0.660848 -0.391614 0.640248
0.660848 -0.391614 0.640248
0.687762 -0.319318 0.651936
0.746403 -0.313008 0.587290
0.744080 -0.336036 0.577429
0.707822 -0.317299 0.631118
0.709800 -0.293710 0.640248
0.735991 -0.196264 0.647918
0.711615 -0.269923 0.648649
0.767104 -0.287664 0.573411
0.769149 -0.264395 0.581812
0.795014 -0.144548 0.589116
0.813818 -0.119679 0.568663
0.756637 -0.170854 0.631118
0.772693 -0.217320 0.596421
0.776660 -0.145624 0.612856
0.757738 -0.146659 0.635866
0.737213 -0.172016 0.653397
0.717268 -0.173134 0.674945
0.760018 -0.073550 0.645727
0.777627 -0.121504 0.616874
0.776660 -0.145624 0.612856
0.760018 -0.073550 0.645727
0.776660 -0.145624 0.612856
0.756637 -0.170854 0.631118
0.775516 -0.169644 0.608108
0.776660 -0.145624 0.612856
0.756637 -0.170854 0.631118
0.756637 -0.170854 0.631118
0.779031 -0.073034 0.622717
0.779469 -0.048717 0.624543
0.779469 -0.048717 0.624543
0.811541 -0.167082 0.559898
0.760018 -0.073550 0.645727
0.779031 -0.073034 0.622717
0.774194 -0.193549 0.602630
0.756637 -0.170854 0.631118
0.772693 -0.217320 0.596421
0.757738 -0.146659 0.635866
0.757738 -0.146659 0.635866
0.692988 -0.247496 0.677137
0.750513 -0.266311 0.604821
0.672228 -0.248973 0.697224
0.691401 -0.271622 0.669467
0.709800 -0.293710 0.640248
0.733049 -0.244350 0.634770
0.672228 -0.248973 0.697224
0.665248 -0.344944 0.662162
0.709800 -0.293710 0.640248
0.583563 -0.279096 0.762600
0.670707 -0.273251 0.689554
0.582171 -0.303741 0.754200
0.582171 -0.303741 0.754200
0.582171 -0.303741 0.754200
0.580654 -0.328196 0.745069
0.510278 -0.357194 0.782323
0.510278 -0.357194 0.782323
0.626439 -0.300691 0.719138
0.507131 -0.405705 0.760409
0.486697 -0.358619 0.796567
0.501577 -0.476498 0.722060
0.435996 -0.410350 0.800950
0.483720 -0.407343 0.774653
0.458449 -0.432980 0.776114
0.485260 -0.383100 0.785975
0.456796 -0.456796 0.763331
0.431329 -0.482074 0.762600
0.381569 -0.508759 0.771731
0.383100 -0.485260 0.785975
0.405705 -0.507131 0.760409
0.385910 -0.437365 0.812272
0.332597 -0.511687 0.792184
0.385910 -0.437365 0.812272
0.303741 -0.582171 0.754200
-0.865434 0.473928 0.162527
0.352442 -0.579011 0.735208
0.305161 -0.559462 0.770636
0.282801 -0.514184 0.809715
0.357194 -0.510278 0.782323
0.204174 -0.587000 0.783419
0.180526 -0.541579 0.821037
0.232315 -0.516255 0.824324
0.128117 -0.589339 0.797663
0.177164 -0.632729 0.753835
0.154271 -0.565659 0.810080
0.103499 -0.543368 0.833090
0.101584 -0.634899 0.765888
0.076628 -0.613023 0.786340
0.076628 -0.613023 0.786340
0.102587 -0.589878 0.800950
0.025802 -0.567653 0.822863
0.000000 -0.590834 0.806793
-0.025686 -0.590774 0.806428
-0.229295 -0.585977 0.777210
-0.280394 -0.560787 0.779036
-0.329738 -0.558018 0.761505
-0.329738 -0.558018 0.761505
-0.329738 -0.558018 0.761505
-0.403976 -0.530218 0.745435
-0.331204 -0.535022 0.777210
-0.427739 -0.528384 0.733382
-0.919058 -0.367623 0.142075
-0.432980 -0.458449 0.776114
-0.919058 -0.367623 0.142075
-0.456796 -0.456796 0.763331
-0.476498 -0.501577 0.722060
-0.931031 -0.344077 0.121622
-0.456796 -0.456796 0.763331
-0.526432 -0.451228 0.720599
-0.385910 -0.437365 0.812272
-0.528384 -0.427739 0.733382
-0.510278 -0.357194 0.782323
-0.533536 -0.355691 0.767348
-0.533536 -0.355691 0.767348
-0.510278 -0.357194 0.782323
-0.510278 -0.357194 0.782323
-0.559462 -0.305161 0.770636
-0.624773 -0.324882 0.710007
-0.583563 -0.279096 0.762600
-0.583563 -0.279096 0.762600
-0.608494 -0.228185 0.760044
-0.608494 -0.228185 0.760044
-0.583563 -0.279096 0.762600
-0.629360 -0.251744 0.735208
-0.633585 -0.152060 0.758583
-0.609566 -0.203189 0.766253
-0.610511 -0.178066 0.771731
-0.634308 -0.126862 0.762600
-0.588680 -0.153569 0.793645
-0.633585 -0.152060 0.758583
-0.633585 -0.152060 0.758583
-0.827990 0.509533 0.234112
-0.827990 0.509533 0.234112
-0.827990 0.509533 0.234112
-0.827990 0.509533 0.234112
-0.827990 0.509533 0.234112
-0.827990 0.509533 0.234112
-0.566287 -0.128702 0.814098
-0.634899 -0.101584 0.765888
-0.635359 -0.076243 0.768444
-0.588680 -0.153569 0.793645
-0.634899 -0.101584 0.765888
-0.633585 -0.152060 0.758583
-0.634899 -0.101584 0.765888
-0.634308 -0.126862 0.762600
-0.632729 -0.177164 0.753835
-0.516255 -0.232315 0.824324
-0.540764 -0.206005 0.815559
-0.468151 -0.234075 0.852082
-0.516255 -0.232315 0.824324
-0.514184 -0.282801 0.809715
-0.516255 -0.232315 0.824324
-0.515272 -0.257636 0.817385
-0.514184 -0.282801 0.809715
-0.488031 -0.333916 0.806428
-0.414201 -0.362426 0.834916
-0.413004 -0.387191 0.824324
-0.317016 -0.264180 0.910884
-0.414201 -0.362426 0.834916
-0.339440 -0.365551 0.866691
-0.312254 -0.416339 0.853908
-0.285951 -0.441924 0.850256
-0.236349 -0.393916 0.888240
-0.236349 -0.393916 0.888240
-0.211021 -0.369286 0.905040
-0.234882 -0.443666 0.864865
-0.158690 -0.370276 0.915267
-0.079549 -0.371228 0.925128
-0.026536 -0.371510 0.928050
-0.026463 -0.396952 0.917458
0.000000 -0.396989 0.917823
-0.026536 -0.371510 0.928050
-0.026463 -0.396952 0.917458
0.131622 -0.421191 0.897370
0.079095 -0.421839 0.903214
0.079330 -0.396649 0.914536
0.105054 -0.446481 0.888605
0.105702 -0.396384 0.911980
0.416339 -0.312254 0.853908
0.235640 -0.418915 0.876917
0.209131 -0.444404 0.871074
0.234882 -0.443666 0.864865
0.414201 -0.362426 0.834916
0.416339 -0.312254 0.853908
0.462812 -0.359965 0.810080
0.389510 -0.363542 0.846238
0.390549 -0.338476 0.856099
0.338476 -0.390549 0.856099
0.314094 -0.366444 0.875822
0.287752 -0.392389 0.873630
0.392389 -0.287752 0.873630
0.287752 -0.392389 0.873630
0.390549 -0.338476 0.856099
0.338476 -0.390549 0.856099
0.490393 -0.283912 0.823959
0.489263 -0.309008 0.815559
0.414201 -0.362426 0.834916
0.389510 -0.363542 0.846238
0.417281 -0.286881 0.862308
0.443666 -0.234882 0.864865
0.417281 -0.286881 0.862308
0.391508 -0.313206 0.865230
0.413004 -0.387191 0.824324
0.392389 -0.287752 0.873630
0.392389 -0.287752 0.873630
0.516255 -0.232315 0.824324
0.516255 -0.232315 0.824324
0.538802 -0.256573 0.802411
0.584832 -0.254275 0.770270
0.515272 -0.257636 0.817385
0.515272 -0.257636 0.817385
0.516255 -0.232315 0.824324
0.588680 -0.153569 0.793645
0.564917 -0.179746 0.805332
0.566287 -0.128702 0.814098
0.519141 -0.129785 0.844777
0.519141 -0.129785 0.844777
0.612019 -0.127504 0.780497
0.519141 -0.129785 0.844777
0.519141 -0.129785 0.844777
0.540764 -0.206005 0.815559
0.542881 -0.129257 0.829803
0.588680 -0.153569 0.793645
0.543368 -0.103499 0.833090
0.541579 -0.180526 0.821037
0.590296 -0.076995 0.803506
0.567710 0.000000 0.823229
0.567482 -0.051589 0.821768
0.567710 0.000000 0.823229
0.590296 -0.076995 0.803506
0.590774 -0.025686 0.806428
0.657627 -0.050587 0.751644
0.613336 -0.051111 0.788167
0.589878 -0.102587 0.800950
0.590595 -0.051356 0.805332
0.590595 -0.051356 0.805332
0.590595 -0.051356 0.805332
0.590296 -0.076995 0.803506
0.589878 -0.102587 0.800950
0.590595 -0.051356 0.805332
0.589878 -0.102587 0.800950
0.567710 0.000000 0.823229
0.567710 0.000000 0.823229
0.613023 -0.076628 0.786340
0.542285 -0.154939 0.825785
0.520373 -0.026019 0.853543
0.519141 -0.129785 0.844777
0.520219 -0.052022 0.852447
0.520219 -0.052022 0.852447
0.656185 -0.126190 0.743974
0.494549 -0.156173 0.855004
0.495522 -0.104320 0.862308
0.495522 -0.104320 0.862308
0.517133 -0.206853 0.830533
0.495522 -0.104320 0.862308
0.493184 -0.207656 0.844777
0.494549 -0.156173 0.855004
0.492353 -0.233220 0.838568
0.563085 -0.230353 0.793645
0.493184 -0.207656 0.844777
0.492353 -0.233220 0.838568
0.393191 -0.262127 0.881300
0.393916 -0.236349 0.888240
0.418915 -0.235640 0.876917
0.393916 -0.236349 0.888240
0.393916 -0.236349 0.888240
0.418915 -0.235640 0.876917
0.418915 -0.235640 0.876917
0.392389 -0.287752 0.873630
0.418915 -0.235640 0.876917
0.367263 -0.288564 0.884222
0.212070 -0.318105 0.924032
0.212070 -0.318105 0.924032
0.212070 -0.318105 0.924032
0.212070 -0.318105 0.924032
0.262127 -0.393191 0.881300
0.212533 -0.292232 0.932432
0.315681 -0.315681 0.894814
0.185385 -0.344287 0.920380
0.185385 -0.344287 0.920380
0.212070 -0.318105 0.924032
0.212070 -0.318105 0.924032
0.237626 -0.343237 0.908692
0.211021 -0.369286 0.905040
0.133034 -0.319280 0.938276
0.079940 -0.319761 0.944120
0.106266 -0.345365 0.932432
0.185825 -0.318558 0.929511
0.079940 -0.319761 0.944120
0.079330 -0.396649 0.914536
0.105702 -0.396384 0.911980
0.079330 -0.396649 0.914536
-0.026724 -0.293967 0.955442
-0.026824 -0.241415 0.970051
0.053538 -0.267691 0.962016
-0.106747 -0.293555 0.949963
-0.212533 -0.292232 0.932432
-0.239189 -0.265766 0.933893
-0.239189 -0.265766 0.933893
-0.107316 -0.214631 0.970782
-0.240339 -0.186930 0.952520
-0.239618 -0.239618 0.940833
-0.239189 -0.265766 0.933893
-0.239618 -0.239618 0.940833
-0.265289 -0.265289 0.926954
-0.344712 -0.159098 0.925128
-0.318949 -0.159475 0.934259
-0.318949 -0.159475 0.934259
-0.343237 -0.237626 0.908692
-0.343237 -0.237626 0.908692
-0.345072 -0.132720 0.929145
-0.344712 -0.159098 0.925128
-0.345594 -0.079752 0.934989
-0.319280 -0.133034 0.938276
-0.421556 -0.105389 0.900657
-0.344287 -0.185385 0.920380
-0.319551 -0.106517 0.941563
-0.371545 0.000000 0.928415
-0.345594 -0.079752 0.934989
0.134032 0.214452 0.967495
-0.396952 -0.026463 0.917458
-0.345855 -0.026604 0.937911
-0.371510 -0.026536 0.928050
-0.422203 0.000000 0.906501
-0.471829 -0.026213 0.881300
-0.471829 -0.026213 0.881300
-0.446783 -0.078844 0.891161
-0.446783 -0.078844 0.891161
-0.471875 0.000000 0.881665
-0.446783 0.078844 0.891161
-0.422042 0.052755 0.905040
-0.421839 0.079095 0.903214
-0.422163 -0.026385 0.906136
-0.446783 0.078844 0.891161
-0.422163 0.026385 0.906136
-0.446783 0.078844 0.891161
-0.396838 0.052912 0.916362
-0.422203 0.000000 0.906501
-0.422203 0.000000 0.906501
-0.446999 0.052588 0.892988
-0.422163 -0.026385 0.906136
-0.371510 0.026536 0.928050
-0.446999 0.052588 0.892988
-0.447128 -0.026302 0.894083
-0.447128 -0.026302 0.894083
-0.345855 -0.026604 0.937911
-0.971669 -0.202431 0.121987
-0.971669 -0.202431 0.121987
-0.971669 -0.202431 0.121987
-0.319912 -0.053319 0.945946
-0.293967 -0.026724 0.955442
-0.319761 -0.079940 0.944120
-0.345594 -0.079752 0.934989
-0.214870 -0.053717 0.975164
-0.267392 -0.106957 0.957633
-0.319761 -0.079940 0.944120
-0.241438 0.000000 0.970416
-0.240877 -0.133821 0.961286
-0.241079 -0.107146 0.964573
-0.214631 -0.107316 0.970782
-0.214631 -0.107316 0.970782
-0.107703 -0.134628 0.985026
-0.134517 -0.134517 0.981738
-0.187715 -0.160899 0.968955
0.134219 -0.187907 0.972973
0.187907 -0.134219 0.972973
0.187715 -0.160899 0.968955
0.161093 -0.161093 0.973703
0.240877 -0.133821 0.961286
0.239618 -0.239618 0.940833
0.160899 -0.187715 0.968955
0.240631 -0.160420 0.957268
0.240877 -0.133821 0.961286
0.293555 -0.106747 0.949963
0.293555 -0.106747 0.949963
0.319761 -0.079940 0.944120
0.293994 0.000000 0.955807
0.319761 -0.079940 0.944120
0.371404 -0.053058 0.926954
0.319761 -0.079940 0.944120
0.396838 -0.052912 0.916362
0.293747 -0.080113 0.952520
0.371510 -0.026536 0.928050
0.319761 -0.079940 0.944120
0.371510 -0.026536 0.928050
0.319912 -0.053319 0.945946
0.396649 -0.079330 0.914536
0.293967 -0.026724 0.955442
0.471692 -0.052410 0.880205
0.319912 -0.053319 0.945946
0.267766 -0.026777 0.963112
0.241438 0.000000 0.970416
0.320032 0.000000 0.947407
0.320032 0.000000 0.947407
0.293967 0.026724 0.955442
0.293967 0.026724 0.955442
0.293885 -0.053434 0.954346
0.241438 0.000000 0.970416
0.214929 -0.026866 0.976260
0.214870 -0.053717 0.975164
0.188323 -0.026903 0.981738
0.188271 0.053792 0.980643
0.188323 -0.026903 0.981738
0.188323 -0.026903 0.981738
0.214870 0.053717 0.975164
0.214631 0.107316 0.970782
0.188323 -0.026903 0.981738
0.371404 0.053058 0.926954
0.241348 0.053633 0.968955
0.188185 0.080651 0.978817
0.080985 0.053990 0.995252
0.134814 0.026963 0.990504
0.188271 0.053792 0.980643
0.161628 0.000000 0.986852
0.188341 0.000000 0.982104
0.080948 0.080948 0.993426
0.080985 0.053990 0.995252
0.214770 0.080539 0.973338
0.080948 0.080948 0.993426
0.080948 0.080948 0.993426
0.080985 0.053990 0.995252
0.107940 0.026985 0.993791
0.080948 0.080948 0.993426
0.080948 0.080948 0.993426
0.080829 0.134715 0.987582
0.081014 0.000000 0.996713
0.000000 0.027025 0.999635
0.000000 0.027025 0.999635
0.000000 0.027025 0.999635
0.080948 0.080948 0.993426
-0.027002 0.081007 0.996348
-0.027015 0.054029 0.998174
0.000000 0.000000 1.000000
0.080896 0.107861 0.990869
0.080948 0.080948 0.993426
-0.027022 0.027022 0.999270
0.000000 0.000000 1.000000
0.054034 0.000000 0.998539
0.214233 0.160675 0.963477
-0.027002 0.081007 0.996348
-0.107911 0.053955 0.992695
0.027025 0.000000 0.999635
-0.027015 0.054029 0.998174
-0.080985 0.053990 0.995252
0.000000 0.027025 0.999635
-0.080985 0.053990 0.995252
-0.134826 0.000000 0.990869
-0.134826 0.000000 0.990869
-0.107861 0.080896 0.990869
-0.107940 0.026985 0.993791
-0.134814 0.026963 0.990504
-0.134777 0.053911 0.989408
-0.188323 0.026903 0.981738
-0.188341 0.000000 0.982104
-0.161569 0.053856 0.985391
-0.107950 0.000000 0.994156
-0.107940 -0.026985 0.993791
-0.107940 -0.026985 0.993791
-0.134517 0.134517 0.981738
-0.107950 0.000000 0.994156
-0.214770 0.080539 0.973338
-0.134517 0.134517 0.981738
-0.134628 0.107703 0.985026
-0.134517 0.134517 0.981738
-0.134517 0.134517 0.981738
-0.161628 0.000000 0.986852
-0.188341 0.000000 0.982104
-0.188341 0.000000 0.982104
-0.188323 0.026903 0.981738
-0.188323 0.026903 0.981738
-0.134826 0.000000 0.990869
-0.134826 0.000000 0.990869
-0.134814 0.026963 0.990504
-0.107940 0.026985 0.993791
-0.026985 0.107940 0.993791
0.053990 0.080985 0.995252
0.000000 0.000000 1.000000
0.000000 0.027025 0.999635
0.027022 0.027022 0.999270
0.080948 0.080948 0.993426
0.080948 0.080948 0.993426
0.027025 0.000000 0.999635
0.134814 0.026963 0.990504
0.107940 0.026985 0.993791
0.107940 -0.026985 0.993791
0.080985 0.053990 0.995252
0.080985 -0.053990 0.995252
0.107940 0.026985 0.993791
0.107911 0.053955 0.992695
0.080948 -0.080948 0.993426
0.080948 -0.080948 0.993426
0.241348 -0.053633 0.968955
0.107950 0.000000 0.994156
0.161569 -0.053856 0.985391
0.241415 -0.026824 0.970051
0.188323 0.026903 0.981738
0.214770 -0.080539 0.973338
0.188185 -0.080651 0.978817
0.214770 -0.080539 0.973338
0.320002 -0.026667 0.947042
0.319912 -0.053319 0.945946
0.293747 -0.080113 0.952520
0.293555 -0.106747 0.949963
0.319551 -0.106517 0.941563
0.319761 -0.079940 0.944120
0.319551 -0.106517 0.941563
0.292646 -0.186229 0.937911
0.292646 -0.186229 0.937911
0.292646 -0.186229 0.937911
0.319280 -0.133034 0.938276
0.370276 -0.158690 0.915267
0.345072 -0.132720 0.929145
0.344712 -0.159098 0.925128
0.396649 -0.079330 0.914536
0.446783 -0.078844 0.891161
0.317591 -0.238194 0.917823
0.317591 -0.238194 0.917823
0.421839 -0.079095 0.903214
0.317591 -0.238194 0.917823
0.319551 -0.106517 0.941563
0.319280 -0.133034 0.938276
0.292232 -0.212533 0.932432
0.292232 -0.212533 0.932432
0.319551 -0.106517 0.941563
0.214233 -0.160675 0.963477
0.291762 -0.238715 0.926224
0.214233 -0.160675 0.963477
-0.187715 -0.160899 0.968955
-0.213674 -0.213674 0.953251
-0.214233 -0.160675 0.963477
-0.240001 -0.213334 0.947042
-0.134517 -0.134517 0.981738
-0.134628 -0.107703 0.985026
-0.240339 -0.186930 0.952520
-0.107911 -0.053955 0.992695
-0.080829 -0.134715 0.987582
-0.107861 -0.080896 0.990869
-0.241415 -0.026824 0.970051
-0.240877 -0.133821 0.961286
-0.241415 -0.026824 0.970051
-0.293967 -0.026724 0.955442
-0.214949 0.000000 0.976625
-0.267691 -0.053538 0.962016
-0.320032 0.000000 0.947407
-0.320002 -0.026667 0.947042
-0.267691 -0.053538 0.962016
-0.320032 0.000000 0.947407
-0.320032 0.000000 0.947407
-0.241236 0.080412 0.967129
-0.320032 0.000000 0.947407
-0.320032 0.000000 0.947407
-0.320032 0.000000 0.947407
-0.293994 0.000000 0.955807
-0.214870 -0.053717 0.975164
-0.214870 0.053717 0.975164
-0.241415 0.026824 0.970051
-0.241348 0.053633 0.968955
-0.188341 0.000000 0.982104
-0.188323 0.026903 0.981738
-0.081014 0.000000 0.996713
-0.134715 0.080829 0.987582
-0.161494 0.080747 0.983565
-0.107940 -0.026985 0.993791
-0.053911 0.134777 0.989408
-0.214929 0.026866 0.976260
-0.081014 0.000000 0.996713
-0.188341 0.000000 0.982104
0.134032 0.214452 0.967495
-0.054015 0.054015 0.997078
-0.241348 0.053633 0.968955
-0.214870 0.053717 0.975164
-0.214949 0.000000 0.976625
-0.214929 0.026866 0.976260
-0.214929 -0.026866 0.976260
-0.241438 0.000000 0.970416
-0.241236 0.080412 0.967129
-0.241415 -0.026824 0.970051
-0.214929 -0.026866 0.976260
-0.241415 -0.026824 0.970051
-0.241415 -0.026824 0.970051
-0.214631 -0.107316 0.970782
-0.241236 -0.080412 0.967129
-0.241236 -0.080412 0.967129
-0.241348 -0.053633 0.968955
-0.240877 -0.133821 0.961286
-0.214631 -0.107316 0.970782
-0.214770 -0.080539 0.973338
-0.240877 -0.133821 0.961286
-0.241079 -0.107146 0.964573
-0.134777 -0.053911 0.989408
-0.188063 -0.107465 0.976260
0.106957 -0.267392 0.957633
-0.026777 -0.267766 0.963112
0.000000 -0.320032 0.947407
0.106957 -0.267392 0.957633
0.080270 -0.267567 0.960190
0.132014 -0.396043 0.908692
0.080113 -0.293747 0.952520
0.079330 -0.396649 0.914536
0.079549 -0.371228 0.925128
0.105702 -0.396384 0.911980
0.079752 -0.345594 0.934989
0.158250 -0.395626 0.904675
0.105995 -0.370982 0.922571
0.132014 -0.396043 0.908692
0.158250 -0.395626 0.904675
0.440920 -0.311238 0.841855
0.234882 -0.443666 0.864865
0.259596 -0.467273 0.845142
0.208416 -0.468935 0.858291
0.236349 -0.393916 0.888240
0.261337 -0.418140 0.869978
0.311238 -0.440920 0.841855
0.285951 -0.441924 0.850256
0.407343 -0.483720 0.774653
0.333916 -0.488031 0.806428
0.329738 -0.558018 0.761505
0.429583 -0.505392 0.748356
0.379953 -0.531935 0.756757
0.378251 -0.554769 0.741052
0.378251 -0.554769 0.741052
0.429583 -0.505392 0.748356
0.379953 -0.531935 0.756757
0.497303 -0.522169 0.692841
0.378251 -0.554769 0.741052
0.376462 -0.577241 0.724617
0.451228 -0.526432 0.720599
0.474422 -0.524361 0.707085
0.492560 -0.566444 0.660701
0.492560 -0.566444 0.660701
0.514851 -0.563884 0.645727
0.533954 -0.582495 0.612856
0.512159 -0.585324 0.628561
0.514851 -0.563884 0.645727
0.573120 -0.597000 0.561359
0.484532 -0.629892 0.607012
0.555373 -0.579520 0.596421
0.552251 -0.600273 0.578524
0.490008 -0.588009 0.643535
0.481605 -0.650167 0.587655
0.609817 -0.609817 0.506209
0.609817 -0.609817 0.506209
0.640448 -0.545566 0.540541
0.656088 -0.562361 0.503287
0.629189 -0.605885 0.486852
0.652171 -0.582296 0.485391
0.688718 -0.573932 0.443024
0.706160 -0.569484 0.420745
0.684258 -0.593024 0.424397
0.674798 -0.558454 0.482469
0.723012 -0.564853 0.397736
0.670713 -0.578201 0.464573
0.740189 -0.485749 0.464938
0.688718 -0.573932 0.443024
0.727626 -0.545720 0.415632
0.739248 -0.560036 0.373996
0.706160 -0.569484 0.420745
0.740189 -0.485749 0.464938
0.718844 -0.510147 0.472243
0.714820 -0.530351 0.455807
0.714820 -0.530351 0.455807
0.752974 -0.501982 0.425493
0.732025 -0.526143 0.432798
0.757110 -0.481797 0.441198
0.736211 -0.506145 0.449233
0.789036 -0.473422 0.391527
0.797277 -0.432808 0.420745
0.815900 -0.515305 0.262235
0.784571 -0.493159 0.375822
0.803983 -0.468990 0.365595
0.818209 -0.464389 0.338934
0.779871 -0.512487 0.359386
0.821429 -0.497181 0.279401
0.850853 -0.467969 0.238860
0.861648 -0.462348 0.209277
0.832981 -0.520613 0.187363
0.844369 -0.454660 0.283419
0.861648 -0.462348 0.209277
0.865434 -0.473928 0.162527
0.821965 -0.526901 0.216216
0.882797 -0.420380 0.209642
0.861648 -0.462348 0.209277
0.839186 -0.473387 0.267714
0.821965 -0.526901 0.216216
0.850853 -0.467969 0.238860
0.856229 -0.449520 0.254565
0.853926 -0.416015 0.312637
0.826421 -0.537174 0.168736
0.856229 -0.449520 0.254565
0.821965 -0.526901 0.216216
0.839235 -0.503541 0.205259
0.839235 -0.503541 0.205259
0.850853 -0.467969 0.238860
0.832981 -0.520613 0.187363
0.839186 -0.473387 0.267714
0.886457 -0.432921 0.163623
0.849593 -0.497323 0.175676
0.839235 -0.503541 0.205259
0.829156 -0.546030 0.119795
0.827990 -0.509533 0.234112
0.827990 -0.509533 0.234112
0.821686 -0.561151 0.099708
0.845214 -0.523228 0.108839
0.852284 -0.507312 0.127465
0.845214 -0.523228 0.108839
0.827990 -0.509533 0.234112
0.821686 -0.561151 0.099708
0.829156 -0.546030 0.119795
0.836292 -0.530332 0.139153
0.829156 -0.546030 0.119795
0.836292 -0.530332 0.139153
0.833729 -0.491686 0.251278
0.839186 -0.473387 0.267714
0.833729 -0.491686 0.251278
0.839235 -0.503541 0.205259
0.833729 -0.491686 0.251278
0.845190 -0.485984 0.222425
0.833729 -0.491686 0.251278
0.855773 -0.480068 0.192841
0.809028 -0.560096 0.178232
0.839186 -0.473387 0.267714
0.836292 -0.530332 0.139153
0.845190 -0.485984 0.222425
0.802101 -0.575868 0.158145
0.804833 -0.583504 0.108473
0.796972 -0.597729 0.086925
0.815646 -0.543764 0.197589
0.804833 -0.583504 0.108473
0.787294 -0.605611 0.115778
0.778993 -0.589508 0.213660
0.759761 -0.612030 0.219503
0.731002 -0.670085 0.128926
0.753019 -0.627516 0.197955
0.726163 -0.663920 0.178598
0.711156 -0.690837 0.130387
0.698496 -0.698496 0.155588
0.656196 -0.719698 0.226808
0.649421 -0.733217 0.201607
0.653017 -0.696551 0.297297
0.647014 -0.711716 0.273557
0.640768 -0.726204 0.249087
0.649421 -0.733217 0.201607
0.585228 -0.758629 0.286340
0.579299 -0.772399 0.260409
0.543764 -0.815646 0.197589
0.585228 -0.758629 0.286340
0.491686 -0.833729 0.251278
0.509533 -0.827990 0.234112
0.509533 -0.827990 0.234112
0.556225 -0.791551 0.253104
0.485984 -0.845190 0.222425
0.526901 -0.821965 0.216216
0.491686 -0.833729 0.251278
0.449520 -0.856229 0.254565
0.502475 -0.808330 0.306793
0.456516 -0.871531 0.178963
0.430662 -0.861324 0.269540
0.444189 -0.867225 0.224982
0.420380 -0.882797 0.209642
0.406650 -0.877507 0.254200
0.473928 -0.865434 0.162527
0.339286 -0.911831 0.231191
0.343537 -0.901784 0.262235
0.396578 -0.897518 0.192841
0.347638 -0.890822 0.292549
0.325572 -0.936020 0.133674
0.323507 -0.905820 0.273557
0.323507 -0.905820 0.273557
0.299506 -0.919910 0.253104
0.240750 -0.919229 0.311541
0.258657 -0.926855 0.272096
0.225340 -0.962817 0.149014
0.240750 -0.919229 0.311541
0.195739 -0.935200 0.295106
0.214213 -0.942537 0.256392
0.152927 -0.939410 0.306793
0.149119 -0.958619 0.242513
-0.020873 -0.981008 0.192841
0.000000 -0.945821 0.324690
0.000000 -0.909533 0.415632
-0.109599 -0.942555 0.315559
-0.108268 -0.952756 0.283784
-0.172265 -0.947456 0.269540
-0.349137 -0.924187 0.154858
-0.414950 -0.892143 0.178598
-0.438658 -0.877316 0.194668
-0.438658 -0.877316 0.194668
-0.438658 -0.877316 0.194668
-0.438658 -0.877316 0.194668
-0.432921 -0.886457 0.163623
-0.490869 -0.859021 0.145362
-0.438658 -0.877316 0.194668
-0.480068 -0.855773 0.192841
-0.526901 -0.821965 0.216216
-0.538792 -0.797412 0.271731
-0.538792 -0.797412 0.271731
-0.598312 -0.783995 0.165449
-0.538792 -0.797412 0.271731
-0.583504 -0.804833 0.108473
-0.583504 -0.804833 0.108473
-0.582818 -0.790967 0.186267
-0.583504 -0.804833 0.108473
-0.738648 -0.656576 0.152666
-0.677737 -0.718812 0.154858
-0.670981 -0.712917 0.203798
-0.711156 -0.690837 0.130387
-0.734096 -0.674575 0.077794
-0.725463 -0.686249 0.052593
-0.765275 -0.620494 0.171293
-0.753586 -0.656972 0.022279
-0.711156 -0.690837 0.130387
-0.796972 -0.597729 0.086925
-0.761183 -0.640996 0.098612
-0.771150 -0.632739 0.070489
-0.888422 -0.454082 0.067202
-0.895237 -0.437671 0.083638
-0.907821 -0.403476 0.114317
-0.907821 -0.403476 0.114317
-0.907821 -0.403476 0.114317
-0.865786 -0.500232 0.013514
-0.873706 -0.485392 0.032140
-0.907821 -0.403476 0.114317
-0.873706 -0.485392 0.032140
-0.873706 -0.485392 0.032140
-0.907821 -0.403476 0.114317
-0.901701 -0.420794 0.099343
-0.901701 -0.420794 0.099343
-0.901701 -0.420794 0.099343
-0.873706 -0.485392 0.032140
-0.901701 -0.420794 0.099343
-0.901701 -0.420794 0.099343
-0.901701 -0.420794 0.099343
-0.901701 -0.420794 0.099343
-0.901701 -0.420794 0.099343
-0.901701 -0.420794 0.099343
-0.895237 -0.437671 0.083638
-0.843102 -0.514086 0.157779
-0.901701 -0.420794 0.099343
-0.895237 -0.437671 0.083638
-0.901701 -0.420794 0.099343
-0.901701 -0.420794 0.099343
-0.901701 -0.420794 0.099343
-0.895237 -0.437671 0.083638
-0.901701 -0.420794 0.099343
-0.901701 -0.420794 0.099343
-0.900501 -0.409319 0.146822
-0.881248 -0.469999 0.050037
-0.895237 -0.437671 0.083638
-0.881248 -0.469999 0.050037
-0.873706 -0.485392 0.032140
-0.888374 -0.444187 0.116143
-0.595948 -0.766219 0.240321
-0.612030 -0.759761 0.219503
-0.573139 -0.785413 0.233747
-0.598312 -0.783995 0.165449
-0.591050 -0.794860 0.137327
-0.598312 -0.783995 0.165449
-0.526901 -0.821965 0.216216
-0.538792 -0.797412 0.271731
-0.514086 -0.843102 0.157779
-0.438658 -0.877316 0.194668
-0.438658 -0.877316 0.194668
-0.444189 -0.867225 0.224982
-0.438658 -0.877316 0.194668
-0.349137 -0.924187 0.154858
-0.178472 -0.914667 0.362673
-0.152927 -0.939410 0.306793
-0.174407 -0.937439 0.301315
-0.172265 -0.947456 0.269540
-0.063427 -0.972549 0.223886
-0.106888 -0.961995 0.251278
0.176475 -0.926495 0.332359
0.112126 -0.919435 0.376917
0.131318 -0.941115 0.311541
0.240750 -0.919229 0.311541
0.174407 -0.937439 0.301315
0.237884 -0.929910 0.280497
0.244925 -0.959291 0.140614
0.258657 -0.926855 0.272096
0.315428 -0.925254 0.210738
0.347638 -0.890822 0.292549
0.391810 -0.870689 0.297297
0.354017 -0.916279 0.187363
0.396578 -0.897518 0.192841
0.391810 -0.870689 0.297297
0.450465 -0.880455 0.147918
0.420448 -0.840896 0.340760
0.473387 -0.839186 0.267714
0.444189 -0.867225 0.224982
0.497323 -0.849593 0.175676
0.450465 -0.880455 0.147918
0.435528 -0.849280 0.298393
0.438658 -0.877316 0.194668
0.473387 -0.839186 0.267714
0.491686 -0.833729 0.251278
0.467558 -0.874129 0.131483
0.491686 -0.833729 0.251278
0.467558 -0.874129 0.131483
0.456516 -0.871531 0.178963
0.454660 -0.844369 0.283419
0.537174 -0.826421 0.168736
0.467558 -0.874129 0.131483
0.480068 -0.855773 0.192841
0.497181 -0.821429 0.279401
0.491686 -0.833729 0.251278
0.491686 -0.833729 0.251278
0.550112 -0.804009 0.225712
0.526901 -0.821965 0.216216
0.596420 -0.728958 0.336012
0.618503 -0.746469 0.245435
0.642375 -0.745984 0.175676
0.649421 -0.733217 0.201607
0.674974 -0.674974 0.298028
0.703184 -0.703184 0.105186
0.711156 -0.690837 0.130387
0.718812 -0.677737 0.154858
0.718812 -0.677737 0.154858
0.766219 -0.595948 0.240321
0.759761 -0.612030 0.219503
0.789335 -0.526223 0.316289
0.789335 -0.526223 0.316289
0.845190 -0.485984 0.222425
0.815646 -0.543764 0.197589
0.839235 -0.503541 0.205259
0.833729 -0.491686 0.251278
0.827990 -0.509533 0.234112
0.833729 -0.491686 0.251278
0.861324 -0.430662 0.269540
0.821965 -0.526901 0.216216
0.850853 -0.467969 0.238860
0.880455 -0.450465 0.147918
0.881809 -0.460946 0.099708
0.877316 -0.438658 0.194668
0.867225 -0.444189 0.224982
0.886457 -0.432921 0.163623
0.850853 -0.467969 0.238860
0.893911 -0.446956 0.033966
0.845190 -0.485984 0.222425
0.892869 -0.382658 0.237400
0.845190 -0.485984 0.222425
0.874968 -0.371861 0.310080
0.882739 -0.331027 0.333455
0.853926 -0.416015 0.312637
0.845190 -0.485984 0.222425
0.867225 -0.444189 0.224982
0.861648 -0.462348 0.209277
0.867225 -0.444189 0.224982
0.867225 -0.444189 0.224982
0.861324 -0.430662 0.269540
0.853926 -0.416015 0.312637
0.861324 -0.430662 0.269540
0.849280 -0.435528 0.298393
0.849280 -0.435528 0.298393
0.849280 -0.435528 0.298393
0.849280 -0.435528 0.298393
0.849280 -0.435528 0.298393
0.844369 -0.454660 0.283419
0.844369 -0.454660 0.283419
0.844369 -0.454660 0.283419
0.882222 -0.387317 0.267714
0.844369 -0.454660 0.283419
0.872510 -0.425615 0.239956
0.866142 -0.411418 0.283784
0.901784 -0.343537 0.262235
0.855773 -0.480068 0.192841
0.850853 -0.467969 0.238860
0.856229 -0.449520 0.254565
0.877316 -0.438658 0.194668
0.867225 -0.444189 0.224982
0.839186 -0.473387 0.267714
0.839186 -0.473387 0.267714
0.832981 -0.520613 0.187363
0.839186 -0.473387 0.267714
0.872510 -0.425615 0.239956
0.809028 -0.560096 0.178232
0.843102 -0.514086 0.157779
0.845190 -0.485984 0.222425
0.826421 -0.537174 0.168736
0.832981 -0.520613 0.187363
0.845190 -0.485984 0.222425
0.778307 -0.562111 0.279766
0.815646 -0.543764 0.197589
-0.454082 0.888422 0.067202
-0.485392 0.873706 0.032140
-0.454082 0.888422 0.067202
-0.397413 0.914051 0.081081
-0.391120 0.919133 0.047115
-0.344814 0.938659 0.004748
-0.407729 0.912537 0.032140
-0.315559 0.946676 0.065011
-0.315559 0.946676 0.065011
-0.350840 0.935573 0.040175
-0.283357 0.951271 0.121622
-0.344814 0.938659 0.004748
-0.374083 0.925363 0.061359
-0.327722 0.944611 0.017531
-0.315559 0.946676 0.065011
-0.192397 0.981224 0.013514
-0.173749 0.984578 0.020453
-0.102444 0.983459 0.149379
-0.138317 0.987979 0.069028
-0.330310 0.928997 0.166910
0.019580 0.998574 0.049671
-0.080801 0.989811 0.117239
0.058658 0.997183 0.046749
0.059682 0.994707 0.083638
0.078115 0.995964 0.044193
0.076695 0.997033 0.006574
0.076695 0.997033 0.006574
0.214666 0.975752 0.042732
0.218356 0.972675 0.078890
0.218356 0.972675 0.078890
0.233235 0.971814 0.034332
0.210834 0.977504 0.005844
0.338827 0.936757 0.087655
0.320658 0.941933 0.099708
0.403476 0.907821 0.114317
0.385744 0.913605 0.128561
0.344814 0.938659 0.004748
0.310266 0.950189 0.029584
0.374083 0.925363 0.061359
0.380022 0.920053 0.095325
0.374083 0.925363 0.061359
0.367918 0.929476 0.026662
0.446956 0.893911 0.033966
0.538588 0.837804 0.089481
0.522830 0.852020 0.026662
0.581026 0.813436 0.027027
0.546030 0.829156 0.119795
0.645236 0.762552 0.046749
0.677261 0.735312 0.025201
0.640996 0.761183 0.098612
0.653846 0.752914 0.074872
0.694886 0.714740 0.079255
0.694886 0.714740 0.079255
0.697107 0.716471 0.026662
0.694886 0.714740 0.079255
0.744294 0.665947 0.050402
0.779394 0.619518 0.093499
0.779394 0.619518 0.093499
0.771250 0.636281 0.017896
0.794860 0.591050 0.137327
0.794860 0.591050 0.137327
0.753586 0.656972 0.022279
0.753586 0.656972 0.022279
0.805702 0.589538 0.057341
0.837382 0.545272 0.038349
0.874129 0.467558 0.131483
0.845443 0.530859 0.058437
0.935573 0.350840 0.040175
0.900988 0.430907 0.050402
0.912537 0.407729 0.032140
0.880455 0.450465 0.147918
0.919133 0.391120 0.047115
0.907698 0.414384 0.066107
0.931236 0.356643 0.074872
0.941933 0.320658 0.099708
0.931236 0.356643 0.074872
0.906076 0.391260 0.161066
0.951271 0.283357 0.121622
0.931236 0.356643 0.074872
0.968919 0.185538 0.163623
0.973772 0.145030 0.175310
0.975737 0.124562 0.180058
0.977397 0.103978 0.184076
0.978753 0.083298 0.187363
0.979806 0.062541 0.189920
0.994396 -0.097490 0.040906
0.978753 0.083298 0.187363
0.980557 0.041726 0.191746
0.992475 0.116762 0.036888
0.987202 0.020567 0.158145
0.977504 -0.210834 0.005844
0.976127 -0.199209 0.086560
0.989811 -0.080801 0.117239
0.984578 -0.173749 0.020453
0.975737 -0.124562 0.180058
0.973772 -0.145030 0.175310
0.975737 -0.124562 0.180058
0.966025 -0.205537 0.156684
0.995404 -0.095712 0.003287
0.973772 -0.145030 0.175310
0.966025 -0.205537 0.156684
0.955444 -0.264272 0.131483
0.981738 -0.122717 0.145362
0.975752 -0.214666 0.042732
0.988354 -0.100852 0.113952
0.978753 -0.083298 0.187363
0.994396 -0.097490 0.040906
0.994396 -0.097490 0.040906
0.990200 -0.135910 0.032140
0.990200 -0.135910 0.032140
0.984578 -0.173749 0.020453
0.984578 -0.173749 0.020453
0.977504 -0.210834 0.005844
0.999743 0.019226 0.012053
0.987979 -0.138317 0.069028
0.995964 0.078115 0.044193
0.997183 -0.058658 0.046749
0.999201 0.038431 0.010957
0.992475 -0.116762 0.036888
0.997183 0.058658 0.046749
0.997183 0.058658 0.046749
0.992475 0.116762 0.036888
0.992475 0.116762 0.036888
0.990200 0.135910 0.032140
0.995404 0.095712 0.003287
0.999743 0.019226 0.012053
0.981224 0.192397 0.013514
0.977504 0.210834 0.005844
0.984578 0.173749 0.020453
0.977504 0.210834 0.005844
0.981224 0.192397 0.013514
0.977504 0.210834 0.005844
0.935573 0.350840 0.040175
0.923006 0.384586 0.012418
0.925363 0.374083 0.061359
0.895237 0.437671 0.083638
0.912537 0.407729 0.032140
0.860014 0.508190 0.046019
0.845443 0.530859 0.058437
0.853139 0.515851 0.077794
0.794860 0.591050 0.137327
0.762552 0.645236 0.046749
0.804833 0.583504 0.108473
0.797169 0.602737 0.035062
0.771150 0.632739 0.070489
0.762552 0.645236 0.046749
0.694886 0.714740 0.079255
0.694886 0.714740 0.079255
0.602737 0.797169 0.035062
0.635050 0.757962 0.149014
0.619518 0.779394 0.093499
0.627434 0.769113 0.121622
0.553196 0.819549 0.149379
0.484171 0.867473 0.114317
0.401705 0.887980 0.223886
0.385744 0.913605 0.128561
0.374083 0.925363 0.061359
0.363261 0.897469 0.250183
0.315559 0.946676 0.065011
0.344077 0.931031 0.121622
0.311164 0.933493 0.178232
0.225340 0.962817 0.149014
0.202431 0.971669 0.121987
0.182750 0.974669 0.128926
0.082072 0.984864 0.152666
0.059682 0.994707 0.083638
0.059682 0.994707 0.083638
0.062541 0.979806 0.189920
0.000000 0.987357 0.158510
-0.020567 0.987202 0.158145
-0.021168 0.973709 0.226808
-0.083298 0.978753 0.187363
-0.080801 0.989811 0.117239
-0.138317 0.987979 0.069028
-0.185538 0.968919 0.163623
-0.182750 0.974669 0.128926
-0.354017 0.916279 0.187363
-0.339286 0.911831 0.231191
-0.311164 0.933493 0.178232
-0.354017 0.916279 0.187363
-0.339286 0.911831 0.231191
-0.338827 0.936757 0.087655
-0.403476 0.907821 0.114317
-0.403476 0.907821 0.114317
-0.414950 0.892143 0.178598
-0.432921 0.886457 0.163623
-0.414950 0.892143 0.178598
-0.432921 0.886457 0.163623
-0.438658 0.877316 0.194668
-0.514086 0.843102 0.157779
-0.450465 0.880455 0.147918
-0.530332 0.836292 0.139153
-0.553196 0.819549 0.149379
-0.575665 0.813871 0.078890
-0.602737 0.797169 0.035062
-0.602737 0.797169 0.035062
-0.941561 0.272006 0.198685
-0.926855 0.258657 0.272096
-0.948421 0.231836 0.216216
-0.993533 0.079483 0.081081
-0.995964 0.078115 0.044193
-0.948421 0.231836 0.216216
-0.951407 0.211424 0.223886
-0.932691 0.216905 0.288167
-0.956504 0.170045 0.237034
-0.954100 0.190820 0.230825
-0.958619 0.149119 0.242513
-0.970225 0.105459 0.218042
-0.963258 0.085623 0.254565
-0.961995 0.106888 0.251278
-0.964239 0.064283 0.257122
-0.964239 0.064283 0.257122
-0.963258 0.085623 0.254565
-0.965358 0.021452 0.260044
-0.964239 0.064283 0.257122
-0.965358 0.021452 0.260044
-0.965358 0.021452 0.260044
-0.965358 0.021452 0.260044
-0.955598 0.043436 0.291454
-0.964239 0.064283 0.257122
-0.964939 0.042886 0.258948
-0.964239 0.064283 0.257122
-0.964939 0.042886 0.258948
-0.964939 0.042886 0.258948
-0.961995 0.106888 0.251278
-0.964239 0.064283 0.257122
-0.961995 0.106888 0.251278
-0.932571 0.088816 0.349890
-0.952756 0.108268 0.283784
-0.961995 0.106888 0.251278
-0.945136 0.193323 0.263331
-0.949498 0.151057 0.275018
-0.951407 0.211424 0.223886
-0.948421 0.231836 0.216216
-0.916014 0.319540 0.242513
-0.995404 0.095712 0.003287
-0.945140 0.252037 0.207816
-0.909579 0.303193 0.284149
-0.901705 0.285906 0.324324
-0.923523 0.279204 0.262966
-0.882797 0.420380 0.209642
-0.906076 0.391260 0.161066
-0.892143 0.414950 0.178598
-0.907357 0.358723 0.219138
-0.993533 0.079483 0.081081
-0.907357 0.358723 0.219138
-0.702312 0.636471 0.318846
-0.705463 0.662708 0.251278
-0.656196 0.719698 0.226808
-0.685092 0.705852 0.180058
-0.612030 0.759761 0.219503
-0.630716 0.717711 0.295106
-0.624729 0.732441 0.270636
-0.589508 0.778993 0.213660
-0.566741 0.797635 0.206355
-0.473387 0.839186 0.267714
-0.491686 0.833729 0.251278
-0.538792 0.797412 0.271731
-0.497181 0.821429 0.279401
-0.406650 0.877507 0.254200
-0.411418 0.866142 0.283784
-0.383648 0.835000 0.394449
-0.396143 0.858310 0.326150
-0.339286 0.911831 0.231191
-0.310183 0.886238 0.344047
-0.219503 0.921913 0.319211
-0.289082 0.889483 0.353908
-0.289082 0.889483 0.353908
-0.270562 0.879327 0.391892
-0.285906 0.901705 0.324324
-0.200323 0.912581 0.356465
-0.154733 0.928398 0.337838
-0.135795 0.905299 0.402484
-0.292146 0.876439 0.382761
-0.085623 0.963258 0.254565
-0.089808 0.920532 0.380205
0.022249 0.934461 0.355369
0.068136 0.908476 0.412345
0.067418 0.921384 0.382761
0.068136 0.908476 0.412345
0.090765 0.907654 0.409788
0.134355 0.918093 0.372900
0.162862 0.860844 0.482104
0.229020 0.870276 0.436085
0.251248 0.867949 0.428415
0.264822 0.904808 0.333455
0.251248 0.867949 0.428415
0.338025 0.856331 0.390431
0.344533 0.826880 0.444485
0.435528 0.849280 0.298393
0.338025 0.856331 0.390431
0.344533 0.826880 0.444485
0.387299 0.820162 0.421110
0.432808 0.797277 0.420745
0.424721 0.827089 0.368152
0.436629 0.781337 0.445946
0.530351 0.714820 0.455807
0.526143 0.732025 0.432798
0.506145 0.736211 0.449233
0.550137 0.710594 0.438641
0.619354 0.707834 0.339664
0.560036 0.739248 0.373996
0.620787 0.643779 0.447407
0.620787 0.643779 0.447407
0.601696 0.713121 0.359752
0.634616 0.657281 0.406501
0.629189 0.605885 0.486852
0.620787 0.643779 0.447407
0.625080 0.625080 0.467495
0.706160 0.569484 0.420745
0.648069 0.601779 0.466764
0.648069 0.601779 0.466764
0.674798 0.558454 0.482469
0.732025 0.526143 0.432798
0.727626 0.545720 0.415632
0.723012 0.564853 0.397736
0.771554 0.397467 0.496713
0.754084 0.400607 0.520453
0.754084 0.400607 0.520453
0.801060 0.411974 0.434259
0.814011 0.325604 0.481008
0.829906 0.322741 0.455077
0.797452 0.328363 0.506209
0.816716 0.303352 0.490869
0.814011 0.325604 0.481008
0.797452 0.328363 0.506209
0.767104 0.287664 0.573411
0.807966 0.369356 0.459094
0.771012 0.240941 0.589481
0.827153 0.189064 0.529218
0.772693 0.217320 0.596421
0.823590 0.235311 0.516070
0.828634 0.165727 0.534697
0.825473 0.212264 0.523009
0.846406 0.141068 0.513514
0.811541 0.167082 0.559898
0.758667 0.122366 0.639883
0.758667 0.122366 0.639883
0.758667 0.122366 0.639883
0.828634 0.165727 0.534697
0.757738 0.146659 0.635866
0.777627 0.121504 0.616874
0.772693 0.217320 0.596421
0.716094 0.197543 0.669467
0.777627 0.121504 0.616874
0.775516 0.169644 0.608108
0.756637 0.170854 0.631118
0.777627 0.121504 0.616874
0.757738 0.146659 0.635866
0.777627 0.121504 0.616874
0.757738 0.146659 0.635866
0.753921 0.218880 0.619430
0.694420 0.223206 0.684076
0.709800 0.293710 0.640248
0.709800 0.293710 0.640248
0.685706 0.342853 0.642075
0.832713 0.300702 0.464938
0.752304 0.242679 0.612491
0.785086 0.285486 0.549671
0.736026 0.403627 0.543462
0.663125 0.368403 0.651570
0.660848 0.391614 0.640248
0.655826 0.437217 0.615413
0.650167 0.481605 0.587655
0.643855 0.524622 0.556976
0.653077 0.459573 0.601899
0.666761 0.500071 0.552593
0.636869 0.566106 0.523375
0.600273 0.552251 0.578524
0.558351 0.558351 0.613587
0.481605 0.650167 0.587655
0.459573 0.653077 0.601899
0.462341 0.632678 0.621256
0.462341 0.632678 0.621256
0.459573 0.653077 0.601899
0.447253 0.729729 0.517166
0.384086 0.720161 0.577794
0.347612 0.811095 0.470416
0.358828 0.741578 0.566837
0.347612 0.811095 0.470416
0.278435 0.835304 0.474069
0.255958 0.837681 0.482469
0.260335 0.804671 0.533601
0.190615 0.810114 0.554419
0.168387 0.793826 0.584368
0.117712 0.847529 0.517531
0.094272 0.848446 0.520818
0.070763 0.849159 0.523375
0.072498 0.797477 0.598977
0.070141 0.865076 0.496713
0.069496 0.880289 0.469321
0.141068 0.846406 0.513514
-0.093442 0.864337 0.494156
-0.295102 0.862606 0.410884
-0.297953 0.848020 0.438276
-0.210450 0.841798 0.497078
-0.210450 0.841798 0.497078
-0.273282 0.865393 0.420015
-0.206615 0.872376 0.443024
-0.210450 0.841798 0.497078
-0.270562 0.879327 0.391892
-0.283223 0.802464 0.525201
-0.303352 0.816716 0.490869
-0.303352 0.816716 0.490869
-0.235311 0.823590 0.516070
-0.353434 0.777556 0.520088
-0.347612 0.811095 0.470416
-0.372532 0.791630 0.484295
-0.440308 0.764746 0.470416
-0.481797 0.757110 0.441198
-0.415577 0.784979 0.459459
-0.440308 0.764746 0.470416
-0.489549 0.722668 0.487947
-0.493201 0.704572 0.510226
-0.481797 0.757110 0.441198
-0.569484 0.706160 0.420745
-0.564853 0.723012 0.397736
-0.578201 0.670713 0.464573
-0.578201 0.670713 0.464573
-0.578201 0.670713 0.464573
-0.611634 0.679593 0.405040
-0.620787 0.643779 0.447407
-0.657281 0.634616 0.406501
-0.629189 0.605885 0.486852
-0.652171 0.582296 0.485391
-0.643779 0.620787 0.447407
-0.656088 0.562361 0.503287
-0.613576 0.589977 0.524836
-0.674798 0.558454 0.482469
-0.656088 0.562361 0.503287
-0.685928 0.496707 0.531775
-0.685928 0.496707 0.531775
-0.736211 0.506145 0.449233
-0.689273 0.475361 0.546749
-0.692439 0.453667 0.560993
-0.747535 0.443849 0.494156
-0.736211 0.506145 0.449233
-0.747535 0.443849 0.494156
-0.736026 0.403627 0.543462
-0.678577 0.411993 0.608108
-0.681115 0.389208 0.620161
-0.689273 0.475361 0.546749
-0.717405 0.406530 0.565741
-0.632678 0.462341 0.621256
-0.698248 0.409318 0.587290
-0.655826 0.437217 0.615413
-0.700893 0.386700 0.599343
-0.777556 0.353434 0.520088
-0.725145 0.338401 0.599708
-0.785086 0.285486 0.549671
-0.785086 0.285486 0.549671
-0.769149 0.264395 0.581812
-0.709800 0.293710 0.640248
-0.673601 0.224534 0.704164
-0.734603 0.220381 0.641709
-0.734603 0.220381 0.641709
-0.748546 0.289760 0.596421
-0.861648 0.462348 0.209277
-0.711615 0.269923 0.648649
-0.752304 0.242679 0.612491
-0.711615 0.269923 0.648649
-0.714761 0.221822 0.663258
-0.755365 0.194933 0.625639
-0.755365 0.194933 0.625639
-0.713269 0.245955 0.656318
-0.756637 0.170854 0.631118
-0.718284 0.148611 0.679693
-0.717268 0.173134 0.674945
-0.719143 0.123990 0.683711
-0.735991 0.196264 0.647918
-0.717268 0.173134 0.674945
-0.718284 0.148611 0.679693
-0.719143 0.123990 0.683711
-0.717268 0.173134 0.674945
-0.672228 0.248973 0.697224
-0.717268 0.173134 0.674945
-0.694420 0.223206 0.684076
-0.734603 0.220381 0.641709
-0.714761 0.221822 0.663258
-0.734603 0.220381 0.641709
-0.692988 0.247496 0.677137
-0.652326 0.225805 0.723521
-0.691401 0.271622 0.669467
-0.713269 0.245955 0.656318
-0.705679 0.340673 0.621256
-0.705679 0.340673 0.621256
-0.783951 0.544410 0.298393
-0.783951 0.544410 0.298393
-0.644329 0.346946 0.681519
-0.685706 0.342853 0.642075
-0.683491 0.366156 0.631483
-0.681115 0.389208 0.620161
-0.575343 0.400239 0.713294
-0.678577 0.411993 0.608108
-0.678577 0.411993 0.608108
-0.592954 0.444715 0.671293
-0.609166 0.487332 0.625639
-0.616715 0.419366 0.666180
-0.616715 0.419366 0.666180
-0.611829 0.464990 0.639883
-0.579520 0.555373 0.596421
-0.563884 0.514851 0.645727
-0.576396 0.576396 0.579255
-0.561187 0.536788 0.630022
-0.600273 0.552251 0.578524
-0.600273 0.552251 0.578524
-0.490008 0.588009 0.643535
-0.548983 0.620590 0.559898
-0.552251 0.600273 0.578524
-0.999743 0.019226 0.012053
-0.469934 0.568868 0.674945
-0.487332 0.609166 0.625639
-0.481605 0.650167 0.587655
-0.481605 0.650167 0.587655
-0.414558 0.658416 0.628196
-0.481605 0.650167 0.587655
-0.459573 0.653077 0.601899
-0.417015 0.637788 0.647553
-0.391614 0.660848 0.640248
-0.321253 0.667219 0.672023
-0.319318 0.687762 0.651936
-0.317299 0.707822 0.631118
-0.319318 0.687762 0.651936
-0.321253 0.667219 0.672023
-0.313008 0.746403 0.587290
-0.293710 0.709800 0.640248
-0.217320 0.772693 0.596421
-0.193549 0.774194 0.602630
-0.217320 0.772693 0.596421
-0.147654 0.738271 0.658145
-0.220381 0.734603 0.641709
-0.194933 0.755365 0.625639
-0.218880 0.753921 0.619430
-0.174206 0.696825 0.695763
-0.194933 0.755365 0.625639
-0.194933 0.755365 0.625639
-0.175235 0.675907 0.715851
-0.197543 0.716094 0.669467
-0.175235 0.675907 0.715851
-0.197543 0.716094 0.669467
-0.124754 0.698624 0.704529
0.173134 0.717268 0.674945
0.121504 0.777627 0.616874
0.097991 0.759427 0.643170
0.123990 0.719143 0.683711
0.148611 0.718284 0.679693
0.172016 0.737213 0.653397
0.299057 0.647957 0.700511
0.273251 0.670707 0.689554
0.297350 0.669038 0.681154
0.295568 0.689660 0.661066
0.417015 0.637788 0.647553
0.393918 0.640117 0.659606
0.421612 0.595217 0.684076
0.376462 0.577241 0.724617
0.391614 0.660848 0.640248
0.396122 0.618941 0.678232
0.372615 0.621025 0.689554
0.417015 0.637788 0.647553
0.494991 0.544490 0.677137
0.374583 0.599334 0.707451
0.446993 0.571158 0.688459
0.403976 0.530218 0.745435
0.402154 0.552962 0.729730
0.476498 0.501577 0.722060
0.476498 0.501577 0.722060
0.499498 0.499498 0.707816
0.483720 0.407343 0.774653
0.483720 0.407343 0.774653
0.505392 0.429583 0.748356
0.508759 0.381569 0.771731
0.455043 0.480323 0.749817
0.483720 0.407343 0.774653
0.483720 0.407343 0.774653
0.483720 0.407343 0.774653
0.505392 0.429583 0.748356
0.571158 0.446993 0.688459
0.510278 0.357194 0.782323
0.510278 0.357194 0.782323
0.510278 0.357194 0.782323
0.510278 0.357194 0.782323
0.551032 0.425797 0.717677
0.556453 0.354107 0.751644
0.577241 0.376462 0.724617
0.607293 0.253039 0.753104
0.510278 0.357194 0.782323
0.508759 0.381569 0.771731
0.515272 0.257636 0.817385
0.515272 0.257636 0.817385
0.608494 0.228185 0.760044
0.533536 0.355691 0.767348
0.515272 0.257636 0.817385
0.560787 0.280394 0.779036
0.514184 0.282801 0.809715
0.514184 0.282801 0.809715
0.536395 0.306511 0.786340
0.537655 0.281629 0.794741
0.537655 0.281629 0.794741
0.539838 0.231359 0.809350
0.517133 0.206853 0.830533
0.516255 0.232315 0.824324
0.515272 0.257636 0.817385
0.517906 0.181267 0.836012
0.516255 0.232315 0.824324
0.515272 0.257636 0.817385
0.516255 0.232315 0.824324
0.517133 0.206853 0.830533
0.515272 0.257636 0.817385
0.517133 0.206853 0.830533
0.563085 0.230353 0.793645
0.588680 0.153569 0.793645
0.516255 0.232315 0.824324
0.489263 0.309008 0.815559
0.537655 0.281629 0.794741
0.607293 0.253039 0.753104
0.582171 0.303741 0.754200
0.599334 0.374583 0.707451
0.489263 0.309008 0.815559
0.508759 0.381569 0.771731
0.489263 0.309008 0.815559
0.512989 0.307793 0.801315
0.488031 0.333916 0.806428
0.488031 0.333916 0.806428
0.486697 0.358619 0.796567
0.461456 0.384547 0.799489
0.407343 0.483720 0.774653
0.379953 0.531935 0.756757
0.407343 0.483720 0.774653
0.383100 0.485260 0.785975
0.385910 0.437365 0.812272
0.478465 0.478465 0.736304
0.478465 0.478465 0.736304
0.379953 0.531935 0.756757
0.379953 0.531935 0.756757
0.376462 0.577241 0.724617
0.374583 0.599334 0.707451
0.279096 0.583563 0.762600
0.305161 0.559462 0.770636
0.230353 0.563085 0.793645
0.227022 0.630617 0.742148
0.179746 0.564917 0.805332
0.177164 0.632729 0.753835
0.201077 0.653500 0.729730
0.102587 0.589878 0.800950
-0.102587 0.589878 0.800950
-0.025686 0.590774 0.806428
-0.051111 0.613336 0.788167
-0.077678 0.543747 0.835646
0.075840 0.657284 0.749817
0.075840 0.657284 0.749817
0.025435 0.635883 0.771366
-0.025301 0.657832 0.752739
0.000000 0.635949 0.771731
-0.074981 0.699821 0.710373
-0.100485 0.678277 0.727904
-0.174206 0.696825 0.695763
-0.152060 0.633585 0.758583
-0.126190 0.656185 0.743974
-0.124754 0.698624 0.704529
-0.202157 0.631740 0.748356
-0.225805 0.652326 0.723521
-0.198771 0.695699 0.690285
-0.126190 0.656185 0.743974
-0.102097 0.612584 0.783784
-0.202157 0.631740 0.748356
-0.225805 0.652326 0.723521
-0.225805 0.652326 0.723521
-0.227022 0.630617 0.742148
-0.177164 0.632729 0.753835
-0.302252 0.604503 0.737034
-0.228185 0.608494 0.760044
-0.329738 0.558018 0.761505
-0.999923 0.000000 0.012418
-0.999923 0.000000 0.012418
-0.279096 0.583563 0.762600
-0.378251 0.554769 0.741052
-0.329738 0.558018 0.761505
-0.379953 0.531935 0.756757
-0.355691 0.533536 0.767348
-0.381569 0.508759 0.771731
-0.352442 0.579011 0.735208
-0.429583 0.505392 0.748356
-0.427739 0.528384 0.733382
-0.478465 0.478465 0.736304
-0.499498 0.499498 0.707816
-0.456796 0.456796 0.763331
-0.503541 0.453187 0.735573
-0.503541 0.453187 0.735573
-0.505392 0.429583 0.748356
-0.503541 0.453187 0.735573
-0.501577 0.476498 0.722060
-0.499498 0.499498 0.707816
-0.503541 0.453187 0.735573
-0.503541 0.453187 0.735573
-0.533536 0.355691 0.767348
-0.526432 0.451228 0.720599
-0.434535 0.434535 0.788897
-0.438641 0.361234 0.822863
-0.511687 0.332597 0.792184
-0.462812 0.359965 0.810080
-0.508759 0.381569 0.771731
0.000000 0.520424 0.853908
0.000000 0.520424 0.853908
-0.535022 0.331204 0.777210
-0.536395 0.306511 0.786340
-0.512989 0.307793 0.801315
-0.490393 0.283912 0.823959
-0.512989 0.307793 0.801315
-0.512989 0.307793 0.801315
-0.441924 0.285951 0.850256
-0.443666 0.234882 0.864865
-0.490393 0.283912 0.823959
-0.442839 0.260494 0.857925
-0.442839 0.260494 0.857925
-0.468151 0.234075 0.852082
-0.443666 0.234882 0.864865
-0.442839 0.260494 0.857925
-0.442839 0.260494 0.857925
-0.441924 0.285951 0.850256
-0.466301 0.284962 0.837473
-0.442839 0.260494 0.857925
0.052588 0.446999 0.892988
-0.517133 0.206853 0.830533
-0.517133 0.206853 0.830533
-0.491423 0.258644 0.831629
-0.492353 0.233220 0.838568
-0.492353 0.233220 0.838568
-0.516255 0.232315 0.824324
-0.515272 0.257636 0.817385
-0.442839 0.260494 0.857925
-0.418140 0.261337 0.869978
-0.443666 0.234882 0.864865
-0.393916 0.236349 0.888240
-0.418915 0.235640 0.876917
0.026302 0.447128 0.894083
-0.441924 0.285951 0.850256
-0.343237 0.237626 0.908692
-0.416339 0.312254 0.853908
-0.312254 0.416339 0.853908
-0.338476 0.390549 0.856099
-0.157779 0.420745 0.893353
-0.340335 0.340335 0.876552
-0.237626 0.343237 0.908692
-0.236349 0.393916 0.888240
-0.210433 0.394563 0.894449
-0.158250 0.395626 0.904675
-0.237011 0.368684 0.898831
-0.157276 0.445616 0.881300
-0.132014 0.396043 0.908692
-0.184909 0.369817 0.910519
-0.184395 0.395133 0.899927
-0.053058 0.371404 0.926954
-0.131204 0.446092 0.885318
-0.105702 0.396384 0.911980
-0.133034 0.319280 0.938276
-0.105995 0.370982 0.922571
-0.132720 0.345072 0.929145
-0.026463 0.396952 0.917458
-0.106266 0.345365 0.932432
-0.026604 0.345855 0.937911
0.026536 0.371510 0.928050
0.026536 0.371510 0.928050
0.132380 0.370664 0.919284
0.079549 0.371228 0.925128
0.079549 0.371228 0.925128
0.079330 0.396649 0.914536
0.105995 0.370982 0.922571
0.078844 0.446783 0.891161
0.185385 0.344287 0.920380
0.132720 0.345072 0.929145
0.159475 0.318949 0.934259
0.133821 0.240877 0.961286
0.160136 0.266893 0.950329
0.186598 0.266568 0.945581
0.186229 0.292646 0.937911
0.264760 0.291236 0.919284
0.134032 0.214452 0.967495
0.317016 0.264180 0.910884
0.264760 0.291236 0.919284
0.213334 0.240001 0.947042
0.186930 0.240339 0.952520
0.187227 0.213974 0.958729
0.213974 0.187227 0.958729
0.213674 0.213674 0.953251
0.213674 0.213674 0.953251
0.213974 0.187227 0.958729
0.186229 0.292646 0.937911
0.240339 0.186930 0.952520
0.213674 0.213674 0.953251
0.213974 0.187227 0.958729
0.318105 0.212070 0.924032
0.212533 0.292232 0.932432
0.214233 0.160675 0.963477
0.214233 0.160675 0.963477
0.239618 0.239618 0.940833
0.213974 0.187227 0.958729
0.213334 0.240001 0.947042
0.186598 0.266568 0.945581
0.212954 0.266192 0.940102
0.213674 0.213674 0.953251
0.185825 0.318558 0.929511
0.186930 0.240339 0.952520
0.212533 0.292232 0.932432
0.133821 0.240877 0.961286
0.106957 0.267392 0.957633
0.080270 0.267567 0.960190
0.080270 0.267567 0.960190
0.186229 0.292646 0.937911
0.106517 0.319551 0.941563
0.132720 0.345072 0.929145
0.079549 0.371228 0.925128
0.080270 0.267567 0.960190
0.080270 0.267567 0.960190
0.106957 0.267392 0.957633
0.159821 0.293004 0.942659
0.000000 0.320032 0.947407
0.000000 0.241438 0.970416
-0.026463 0.396952 0.917458
-0.026667 0.320002 0.947042
0.026604 0.345855 0.937911
-0.026463 0.396952 0.917458
-0.079940 0.319761 0.944120
-0.106266 0.345365 0.932432
-0.105702 0.396384 0.911980
-0.132720 0.345072 0.929145
-0.133034 0.319280 0.938276
-0.159098 0.344712 0.925128
-0.105995 0.370982 0.922571
-0.186229 0.292646 0.937911
-0.106957 0.267392 0.957633
-0.212533 0.292232 0.932432
-0.185825 0.318558 0.929511
-0.159821 0.293004 0.942659
-0.133821 0.240877 0.961286
-0.186930 0.240339 0.952520
-0.186930 0.240339 0.952520
0.079095 0.421839 0.903214
-0.213334 0.240001 0.947042
-0.186930 0.240339 0.952520
-0.239189 0.265766 0.933893
-0.239618 0.239618 0.940833
-0.133821 0.240877 0.961286
-0.133821 0.240877 0.961286
-0.239618 0.239618 0.940833
-0.159821 0.293004 0.942659
-0.159475 0.318949 0.934259
-0.212070 0.318105 0.924032
-0.185825 0.318558 0.929511
-0.186229 0.292646 0.937911
-0.186930 0.240339 0.952520
-0.160420 0.240631 0.957268
-0.079752 0.345594 0.934989
-0.079940 0.319761 0.944120
-0.026667 0.320002 0.947042
0.159475 0.318949 0.934259
0.000000 0.241438 0.970416
-0.106957 0.267392 0.957633
-0.106747 0.293555 0.949963
-0.107146 0.241079 0.964573
-0.107146 0.241079 0.964573
-0.026777 0.267766 0.963112
-0.026824 0.241415 0.970051
-0.026824 0.241415 0.970051
0.026777 0.267766 0.963112
-0.026777 0.267766 0.963112
0.000000 0.161628 0.986852
-0.026866 0.214929 0.976260
0.080651 0.188185 0.978817
-0.026866 0.214929 0.976260
0.053717 0.214870 0.975164
0.160136 0.266893 0.950329
0.107703 0.134628 0.985026
0.080270 0.267567 0.960190
0.107703 0.134628 0.985026
0.000000 0.134826 0.990869
0.000000 0.161628 0.986852
0.080412 0.241236 0.967129
0.080747 0.161494 0.983565
0.080747 0.161494 0.983565
0.080412 0.241236 0.967129
0.026866 0.214929 0.976260
0.080747 0.161494 0.983565
0.080412 0.241236 0.967129
0.107465 0.188063 0.976260
0.080747 0.161494 0.983565
0.026936 0.161613 0.986486
-0.026963 0.134814 0.990504
0.134628 0.107703 0.985026
0.027002 0.081007 0.996348
-0.026963 0.134814 0.990504
-0.026963 0.134814 0.990504
0.080747 0.161494 0.983565
0.026963 0.134814 0.990504
0.080747 0.161494 0.983565
0.053856 0.161569 0.985391
0.080747 0.161494 0.983565
0.107594 0.161390 0.981008
0.080829 0.134715 0.987582
-0.026963 0.134814 0.990504
0.026903 0.188323 0.981738
0.107703 0.134628 0.985026
0.080113 0.293747 0.952520
-0.026777 0.267766 0.963112
0.080651 0.188185 0.978817
0.026777 0.267766 0.963112
0.026903 0.188323 0.981738
-0.026824 0.241415 0.970051
-0.990200 -0.135910 0.032140
-0.987979 -0.138317 0.069028
0.000000 0.241438 0.970416
-0.987979 -0.138317 0.069028
-0.026777 0.267766 0.963112
0.053193 0.345757 0.936815
-0.026667 0.320002 0.947042
-0.105995 0.370982 0.922571
-0.106517 0.319551 0.941563
-0.105995 0.370982 0.922571
-0.026463 0.396952 0.917458
-0.132380 0.370664 0.919284
-0.079549 0.371228 0.925128
-0.157779 0.420745 0.893353
-0.132720 0.345072 0.929145
-0.105995 0.370982 0.922571
-0.181969 0.493916 0.850256
-0.129785 0.519141 0.844777
-0.131204 0.446092 0.885318
-0.130285 0.495084 0.859021
-0.209131 0.444404 0.871074
-0.231359 0.539838 0.809350
-0.103921 0.519603 0.848064
-0.127504 0.612019 0.780497
-0.103054 0.566799 0.817385
-0.205112 0.564059 0.799854
-0.229295 0.585977 0.777210
-0.228185 0.608494 0.760044
-0.227022 0.630617 0.742148
-0.224534 0.673601 0.704164
-0.293710 0.709800 0.640248
-0.319318 0.687762 0.651936
-0.317299 0.707822 0.631118
-0.411993 0.678577 0.608108
-0.310731 0.764875 0.564280
-0.411993 0.678577 0.608108
-0.409318 0.698248 0.587290
-0.400607 0.754084 0.520453
-0.489549 0.722668 0.487947
-0.468578 0.726295 0.502922
-0.453297 0.793271 0.406501
-0.473422 0.789036 0.391527
-0.481797 0.757110 0.441198
-0.481797 0.757110 0.441198
-0.387299 0.820162 0.421110
-0.457340 0.777479 0.431702
-0.464389 0.818209 0.338934
-0.538792 0.797412 0.271731
-0.532958 0.810095 0.244339
-0.483641 0.813397 0.323229
-0.538792 0.797412 0.271731
-0.514086 0.843102 0.157779
-0.560096 0.809028 0.178232
-0.568649 0.812356 0.129291
-0.575868 0.802101 0.158145
-0.583504 0.804833 0.108473
-0.583504 0.804833 0.108473
-0.559056 0.828945 0.017531
-0.581026 0.813436 0.027027
-0.602737 0.797169 0.035062
-0.583504 0.804833 0.108473
-0.593846 0.804565 0.004748
-0.593846 0.804565 0.004748
-0.593846 0.804565 0.004748
-0.593846 0.804565 0.004748
-0.602737 0.797169 0.035062
-0.568649 0.812356 0.129291
-0.559056 0.828945 0.017531
-0.559056 0.828945 0.017531
-0.500279 0.860479 0.096421
-0.567520 0.821925 0.048576
-0.619518 0.779394 0.093499
-0.624153 0.780192 0.041636
-0.615226 0.788259 0.012053
-0.632739 0.771150 0.070489
-0.636281 0.771250 0.017896
-0.615226 0.788259 0.012053
-0.581026 0.813436 0.027027
-0.619518 0.779394 0.093499
-0.636281 0.771250 0.017896
-0.632739 0.771150 0.070489
-0.677261 0.735312 0.025201
-0.686249 0.725463 0.052593
-0.706101 0.706101 0.053324
-0.697107 0.716471 0.026662
-0.987568 0.154913 0.026662
-0.975752 0.214666 0.042732
-0.995404 0.095712 0.003287
-0.990200 0.135910 0.032140
-0.444187 0.888374 0.116143
-0.420794 0.901701 0.099343
-0.469999 0.881248 0.050037
-0.380022 0.920053 0.095325
-0.414384 0.907698 0.066107
-0.403476 0.907821 0.114317
-0.367623 0.919058 0.142075
-0.264272 0.955444 0.131483
-0.333379 0.941304 0.052958
-0.333379 0.941304 0.052958
-0.356643 0.931236 0.074872
-0.302160 0.946769 0.111030
-0.350840 0.935573 0.040175
-0.350840 0.935573 0.040175
-0.350840 0.935573 0.040175
-0.118821 0.990171 0.073776
-0.019921 0.996047 0.086560
0.020873 0.981008 0.192841
0.058658 0.997183 0.046749
0.062541 0.979806 0.189920
0.059682 0.994707 0.083638
0.000000 0.999923 0.012418
0.344814 0.938659 0.004748
0.057594 0.998298 0.009131
0.162891 0.977346 0.135135
0.162891 0.977346 0.135135
0.260188 0.960695 0.096786
0.241171 0.964685 0.105917
0.274357 0.960248 0.051497
0.214666 0.975752 0.042732
0.302160 0.946769 0.111030
0.338827 0.936757 0.087655
0.430907 0.900988 0.050402
0.391120 0.919133 0.047115
0.333379 0.941304 0.052958
0.344077 0.931031 0.121622
0.397413 0.914051 0.081081
0.403476 0.907821 0.114317
0.374083 0.925363 0.061359
0.446956 0.893911 0.033966
0.538588 0.837804 0.089481
0.559056 0.828945 0.017531
0.559056 0.828945 0.017531
0.593846 0.804565 0.004748
0.602737 0.797169 0.035062
0.575665 0.813871 0.078890
0.615226 0.788259 0.012053
0.602737 0.797169 0.035062
0.624153 0.780192 0.041636
0.694886 0.714740 0.079255
0.686249 0.725463 0.052593
0.694886 0.714740 0.079255
0.794860 0.591050 0.137327
0.753586 0.656972 0.022279
0.753586 0.656972 0.022279
0.812356 0.568649 0.129291
0.771250 0.636281 0.017896
0.794860 0.591050 0.137327
0.829156 0.546030 0.119795
0.829156 0.546030 0.119795
0.852284 0.507312 0.127465
0.853139 0.515851 0.077794
0.880455 0.450465 0.147918
0.880455 0.450465 0.147918
0.893911 0.446956 0.033966
0.874129 0.467558 0.131483
0.911333 0.372818 0.174580
0.906076 0.391260 0.161066
0.931236 0.356643 0.074872
0.955444 0.264272 0.131483
0.925363 0.374083 0.061359
0.955444 0.264272 0.131483
0.964740 0.255952 0.061359
0.941304 0.333379 0.052958
0.955444 0.264272 0.131483
0.977346 0.162891 0.135135
0.966025 0.205537 0.156684
0.951271 0.283357 0.121622
0.968919 0.185538 0.163623
0.968919 0.185538 0.163623
0.975737 0.124562 0.180058
0.977397 0.103978 0.184076
0.979806 0.062541 0.189920
0.978753 0.083298 0.187363
0.990943 0.060670 0.119795
0.980557 0.041726 0.191746
0.980557 0.041726 0.191746
0.984578 -0.173749 0.020453
0.992235 0.020250 0.122717
0.997033 -0.076695 0.006574
0.987202 0.020567 0.158145
0.995964 0.078115 0.044193
0.998052 -0.039139 0.048576
0.984578 -0.173749 0.020453
0.981224 -0.192397 0.013514
0.984578 -0.173749 0.020453
0.995964 -0.078115 0.044193
0.998052 0.039139 0.048576
0.998574 0.019580 0.049671
0.998747 0.000000 0.050037
0.990200 -0.135910 0.032140
0.990200 -0.135910 0.032140
0.997183 -0.058658 0.046749
0.998052 0.039139 0.048576
0.987568 0.154913 0.026662
0.992475 0.116762 0.036888
0.990200 0.135910 0.032140
0.987568 0.154913 0.026662
0.977504 0.210834 0.005844
0.981224 0.192397 0.013514
0.981224 0.192397 0.013514
0.984578 0.173749 0.020453
0.977504 0.210834 0.005844
0.938659 0.344814 0.004748
0.929476 0.367918 0.026662
0.912537 0.407729 0.032140
0.912537 0.407729 0.032140
0.912537 0.407729 0.032140
0.865786 0.500232 0.013514
0.860014 0.508190 0.046019
0.853139 0.515851 0.077794
0.852020 0.522830 0.026662
0.762552 0.645236 0.046749
0.843643 0.536864 0.006574
0.771250 0.636281 0.017896
0.771150 0.632739 0.070489
0.762552 0.645236 0.046749
0.779394 0.619518 0.093499
0.779394 0.619518 0.093499
0.686249 0.725463 0.052593
0.694886 0.714740 0.079255
0.694886 0.714740 0.079255
0.686249 0.725463 0.052593
0.636281 0.771250 0.017896
0.640996 0.761183 0.098612
0.619518 0.779394 0.093499
0.581026 0.813436 0.027027
0.546030 0.829156 0.119795
0.538588 0.837804 0.089481
0.545272 0.837382 0.038349
0.397413 0.914051 0.081081
0.374083 0.925363 0.061359
0.397413 0.914051 0.081081
0.391260 0.906076 0.161066
0.380022 0.920053 0.095325
0.325572 0.936020 0.133674
0.269598 0.962851 0.015340
0.214666 0.975752 0.042732
0.176862 0.982564 0.057341
0.135910 0.990200 0.032140
0.165362 0.971500 0.169832
0.118821 0.990171 0.073776
0.099202 0.992022 0.077794
0.058658 0.997183 0.046749
0.061622 0.985956 0.155223
-0.019921 0.996047 0.086560
-0.020873 0.981008 0.192841
-0.102444 0.983459 0.149379
-0.349137 0.924187 0.154858
-0.334879 0.920918 0.199416
-0.350840 0.935573 0.040175
-0.367918 0.929476 0.026662
-0.374083 0.925363 0.061359
-0.407729 0.912537 0.032140
-0.297405 0.951695 0.076333
-0.367918 0.929476 0.026662
-0.391120 0.919133 0.047115
-0.407729 0.912537 0.032140
-0.414384 0.907698 0.066107
-0.333379 0.941304 0.052958
-0.397413 0.914051 0.081081
-0.414384 0.907698 0.066107
-0.403476 0.907821 0.114317
-0.430907 0.900988 0.050402
-0.485392 0.873706 0.032140
-0.462501 0.886460 0.016801
-0.485392 0.873706 0.032140
-0.469999 0.881248 0.050037
-0.559056 0.828945 0.017531
-0.485392 0.873706 0.032140
-0.593846 0.804565 0.004748
-0.593846 0.804565 0.004748
-0.583504 0.804833 0.108473
-0.653846 0.752914 0.074872
-0.619518 0.779394 0.093499
-0.645236 0.762552 0.046749
-0.992475 0.116762 0.036888
-0.971814 0.233235 0.034332
-0.975752 0.214666 0.042732
-0.987979 0.138317 0.069028
-0.992475 0.116762 0.036888
-0.995404 0.095712 0.003287
-0.992475 0.116762 0.036888
-0.987568 0.154913 0.026662
-0.990200 0.135910 0.032140
-0.985445 0.157671 0.063550
-0.987568 0.154913 0.026662
-0.990171 0.118821 0.073776
-0.977346 0.162891 0.135135
-0.979239 0.179860 0.093499
-0.964535 0.167745 0.203798
-0.966025 0.205537 0.156684
-0.968342 0.221912 0.114317
-0.958619 0.149119 0.242513
-0.954100 0.190820 0.230825
-0.954100 0.190820 0.230825
-0.954100 0.190820 0.230825
-0.932691 0.216905 0.288167
-0.937439 0.174407 0.301315
-0.937439 0.174407 0.301315
-0.916280 0.261794 0.303141
-0.904808 0.264822 0.333455
-0.892478 0.267743 0.363039
-0.895224 0.246186 0.371439
-0.897723 0.224431 0.379109
-0.897723 0.224431 0.379109
-0.892478 0.267743 0.363039
-0.853173 0.253646 0.455807
-0.882797 0.420380 0.209642
-0.804671 0.260335 0.533601
-0.837681 0.255958 0.482469
-0.850708 0.275905 0.447407
-0.804671 0.260335 0.533601
-0.750513 0.266311 0.604821
-0.734603 0.220381 0.641709
-0.731327 0.268153 0.627100
-0.792452 0.192110 0.578890
-0.692988 0.247496 0.677137
-0.695699 0.198771 0.690285
-0.692988 0.247496 0.677137
-0.716094 0.197543 0.669467
-0.714761 0.221822 0.663258
-0.629360 0.251744 0.735208
-0.626439 0.300691 0.719138
-0.587900 0.178926 0.788897
-0.605963 0.277733 0.745435
-0.517133 0.206853 0.830533
-0.537655 0.281629 0.794741
-0.516255 0.232315 0.824324
-0.493184 0.207656 0.844777
-0.517133 0.206853 0.830533
-0.420217 0.183845 0.888605
-0.441924 0.285951 0.850256
-0.445054 0.183257 0.876552
-0.440920 0.311238 0.841855
-0.443666 0.234882 0.864865
-0.418140 0.261337 0.869978
-0.341921 0.289318 0.894083
-0.392389 0.287752 0.873630
-0.340335 0.340335 0.876552
-0.341921 0.289318 0.894083
-0.339440 0.365551 0.866691
-0.341162 0.314919 0.885683
-0.317016 0.264180 0.910884
-0.238194 0.317591 0.917823
-0.239189 0.265766 0.933893
-0.238194 0.317591 0.917823
-0.186229 0.292646 0.937911
-0.134219 0.187907 0.972973
-0.186229 0.292646 0.937911
-0.240001 0.213334 0.947042
-0.212070 0.318105 0.924032
-0.239618 0.239618 0.940833
-0.212954 0.266192 0.940102
-0.213334 0.240001 0.947042
-0.186930 0.240339 0.952520
-0.186229 0.292646 0.937911
-0.107465 0.188063 0.976260
-0.133584 0.267168 0.954346
-0.160899 0.187715 0.968955
-0.134219 0.187907 0.972973
-0.080412 0.241236 0.967129
-0.080270 0.267567 0.960190
-0.080270 0.267567 0.960190
-0.026777 0.267766 0.963112
0.053538 0.267691 0.962016
-0.026777 0.267766 0.963112
0.000000 0.188341 0.982104
0.000000 0.214949 0.976625
-0.026777 0.267766 0.963112
0.000000 0.188341 0.982104
0.053792 0.188271 0.980643
0.053633 0.241348 0.968955
0.053792 0.188271 0.980643
-0.026866 0.214929 0.976260
0.026903 0.188323 0.981738
-0.026724 0.293967 0.955442
-0.026824 0.241415 0.970051
0.000000 0.214949 0.976625
0.053633 0.241348 0.968955
-0.026936 0.161613 0.986486
-0.026777 0.267766 0.963112
0.000000 0.241438 0.970416
-0.026724 0.293967 0.955442
-0.026724 0.293967 0.955442
0.080270 0.267567 0.960190
0.000000 0.214949 0.976625
0.080747 0.161494 0.983565
-0.026724 0.293967 0.955442
0.080270 0.267567 0.960190
0.107146 0.241079 0.964573
0.080539 0.214770 0.973338
0.026824 0.241415 0.970051
0.080412 0.241236 0.967129
0.080539 0.214770 0.973338
0.080412 0.241236 0.967129
0.080412 0.241236 0.967129
0.080412 0.241236 0.967129
0.106517 0.319551 0.941563
0.080539 0.214770 0.973338
0.080270 0.267567 0.960190
0.026903 0.188323 0.981738
0.080539 0.214770 0.973338
0.080651 0.188185 0.978817
0.107146 0.241079 0.964573
0.106957 0.267392 0.957633
0.080747 0.161494 0.983565
0.080829 0.134715 0.987582
0.080747 0.161494 0.983565
-0.026936 0.161613 0.986486
0.080829 0.134715 0.987582
0.080829 0.134715 0.987582
0.080651 0.188185 0.978817
0.026824 0.241415 0.970051
0.026777 0.267766 0.963112
0.026903 0.188323 0.981738
0.026936 0.161613 0.986486
0.000000 0.188341 0.982104
-0.026963 0.134814 0.990504
-0.026936 0.161613 0.986486
-0.026936 0.161613 0.986486
-0.026903 0.188323 0.981738
-0.026903 0.188323 0.981738
-0.134380 0.161256 0.977721
-0.026866 0.214929 0.976260
-0.107792 0.107792 0.988313
-0.134517 0.134517 0.981738
-0.134032 0.214452 0.967495
-0.134517 0.134517 0.981738
-0.161093 0.161093 0.973703
-0.134032 0.214452 0.967495
-0.161390 0.107594 0.981008
-0.134628 0.107703 0.985026
-0.188185 0.080651 0.978817
-0.134814 0.026963 0.990504
-0.134814 0.026963 0.990504
-0.188185 0.080651 0.978817
-0.188271 0.053792 0.980643
-0.081014 0.000000 0.996713
-0.107861 0.080896 0.990869
-0.134814 0.026963 0.990504
-0.134517 0.134517 0.981738
-0.027002 0.081007 0.996348
-0.026963 0.134814 0.990504
-0.107792 0.107792 0.988313
-0.026963 0.134814 0.990504
-0.026963 0.134814 0.990504
-0.027002 0.081007 0.996348
-0.027002 0.081007 0.996348
0.000000 0.188341 0.982104
-0.027015 0.054029 0.998174
0.107861 0.080896 0.990869
0.053911 0.134777 0.989408
0.133821 0.240877 0.961286
0.080412 0.241236 0.967129
0.080412 0.241236 0.967129
0.266568 0.186598 0.945581
0.080270 0.267567 0.960190
0.080747 0.161494 0.983565
0.080829 0.134715 0.987582
0.134517 0.134517 0.981738
0.080270 0.267567 0.960190
0.080651 0.188185 0.978817
0.080651 0.188185 0.978817
0.053633 0.241348 0.968955
0.106957 0.267392 0.957633
0.080539 0.214770 0.973338
0.080539 0.214770 0.973338
0.080113 0.293747 0.952520
0.080113 0.293747 0.952520
0.078844 0.446783 0.891161
0.106747 0.293555 0.949963
0.079940 0.319761 0.944120
0.079549 0.371228 0.925128
0.105389 0.421556 0.900657
0.080412 0.241236 0.967129
0.079940 0.319761 0.944120
0.131204 0.446092 0.885318
0.078844 0.446783 0.891161
0.184909 0.369817 0.910519
0.078844 0.446783 0.891161
0.131204 0.446092 0.885318
0.079095 0.421839 0.903214
0.053193 0.345757 0.936815
0.105702 0.396384 0.911980
-0.026604 0.345855 0.937911
-0.026536 0.371510 0.928050
-0.026536 0.371510 0.928050
0.000000 0.345887 0.938276
0.000000 0.447171 0.894449
0.000000 0.345887 0.938276
0.000000 0.371545 0.928415
-0.133034 0.319280 0.938276
-0.105702 0.396384 0.911980
-0.132720 0.345072 0.929145
-0.993533 -0.079483 0.081081
-0.132720 0.345072 0.929145
-0.995964 -0.078115 0.044193
-0.159098 0.344712 0.925128
-0.183257 0.445054 0.876552
-0.132720 0.345072 0.929145
-0.185385 0.344287 0.920380
-0.157276 0.445616 0.881300
-0.105054 0.446481 0.888605
-0.237626 0.343237 0.908692
-0.235640 0.418915 0.876917
-0.234882 0.443666 0.864865
0.000000 0.520424 0.853908
-0.237626 0.343237 0.908692
-0.238194 0.317591 0.917823
-0.239618 0.239618 0.940833
-0.238715 0.291762 0.926224
-0.212533 0.292232 0.932432
-0.239189 0.265766 0.933893
-0.239618 0.239618 0.940833
-0.239618 0.239618 0.940833
-0.239189 0.265766 0.933893
-0.238715 0.291762 0.926224
-0.240001 0.213334 0.947042
-0.238194 0.317591 0.917823
-0.186229 0.292646 0.937911
-0.186229 0.292646 0.937911
-0.160136 0.266893 0.950329
-0.239189 0.265766 0.933893
-0.159475 0.318949 0.934259
-0.186930 0.240339 0.952520
-0.187489 0.187489 0.964207
-0.187489 0.187489 0.964207
-0.187489 0.187489 0.964207
-0.133821 0.240877 0.961286
-0.134517 0.134517 0.981738
0.026824 0.241415 0.970051
-0.107316 0.214631 0.970782
0.000000 0.188341 0.982104
0.000000 0.161628 0.986852
0.026903 0.188323 0.981738
-0.026963 0.134814 0.990504
-0.026963 0.134814 0.990504
-0.026903 0.188323 0.981738
-0.026903 0.188323 0.981738
0.026903 0.188323 0.981738
0.080747 0.161494 0.983565
-0.026777 0.267766 0.963112
-0.026824 0.241415 0.970051
0.080651 0.188185 0.978817
0.080270 0.267567 0.960190
0.107594 0.161390 0.981008
0.107465 0.188063 0.976260
0.026866 0.214929 0.976260
0.080539 0.214770 0.973338
0.080270 0.267567 0.960190
0.080270 0.267567 0.960190
0.213674 0.213674 0.953251
0.080270 0.267567 0.960190
0.106957 0.267392 0.957633
0.212533 0.292232 0.932432
0.080113 0.293747 0.952520
0.079752 0.345594 0.934989
0.080113 0.293747 0.952520
0.080113 0.293747 0.952520
0.079940 0.319761 0.944120
0.080270 0.267567 0.960190
0.106266 0.345365 0.932432
0.106266 0.345365 0.932432
0.080412 0.241236 0.967129
0.080412 0.241236 0.967129
0.157276 0.445616 0.881300
-0.053319 0.319912 0.945946
0.026302 0.447128 0.894083
-0.106957 0.267392 0.957633
-0.026667 0.320002 0.947042
-0.131204 0.446092 0.885318
-0.133321 0.293307 0.946676
-0.079752 0.345594 0.934989
-0.106266 0.345365 0.932432
-0.992022 -0.099202 0.077794
-0.026604 0.345855 0.937911
-0.079549 0.371228 0.925128
-0.158690 0.370276 0.915267
-0.158690 0.370276 0.915267
-0.159098 0.344712 0.925128
-0.183845 0.420217 0.888605
-0.186229 0.292646 0.937911
-0.186598 0.266568 0.945581
-0.212533 0.292232 0.932432
-0.212954 0.266192 0.940102
-0.212533 0.292232 0.932432
-0.212533 0.292232 0.932432
-0.160420 0.240631 0.957268
-0.186930 0.240339 0.952520
-0.187227 0.213974 0.958729
-0.186598 0.266568 0.945581
-0.107465 0.188063 0.976260
-0.161093 0.161093 0.973703
-0.106957 0.267392 0.957633
-0.134517 0.134517 0.981738
-0.080651 0.188185 0.978817
0.000000 0.161628 0.986852
0.000000 0.188341 0.982104
-0.026936 0.161613 0.986486
0.000000 0.161628 0.986852
-0.026963 0.134814 0.990504
-0.026936 0.161613 0.986486
0.053856 0.161569 0.985391
0.080747 0.161494 0.983565
-0.026936 0.161613 0.986486
-0.026777 0.267766 0.963112
0.000000 0.134826 0.990869
0.000000 0.267791 0.963477
0.026777 0.267766 0.963112
0.026724 0.293967 0.955442
0.000000 0.214949 0.976625
-0.026866 0.214929 0.976260
0.080270 0.267567 0.960190
0.080113 0.293747 0.952520
0.080113 0.293747 0.952520
0.079095 0.421839 0.903214
0.080412 0.241236 0.967129
0.079940 0.319761 0.944120
0.053633 0.241348 0.968955
0.212070 0.318105 0.924032
0.080412 0.241236 0.967129
0.000000 0.320032 0.947407
0.133821 0.240877 0.961286
-0.080270 0.267567 0.960190
-0.053058 0.371404 0.926954
0.079940 0.319761 0.944120
-0.080412 0.241236 0.967129
-0.132380 0.370664 0.919284
-0.107146 0.241079 0.964573
-0.107146 0.241079 0.964573
-0.053633 0.241348 0.968955
-0.107146 0.241079 0.964573
-0.133584 0.267168 0.954346
-0.107146 0.241079 0.964573
-0.026667 0.320002 0.947042
-0.133034 0.319280 0.938276
-0.159475 0.318949 0.934259
-0.026667 0.320002 0.947042
-0.106747 0.293555 0.949963
-0.080651 0.188185 0.978817
-0.134219 0.187907 0.972973
-0.134219 0.187907 0.972973
-0.134219 0.187907 0.972973
0.000000 0.267791 0.963477
-0.026903 0.188323 0.981738
-0.026777 0.267766 0.963112
0.000000 0.241438 0.970416
0.026824 0.241415 0.970051
-0.026824 0.241415 0.970051
-0.026903 0.188323 0.981738
-0.026824 0.241415 0.970051
-0.026824 0.241415 0.970051
-0.026866 0.214929 0.976260
-0.026866 0.214929 0.976260
-0.026824 0.241415 0.970051
-0.026903 0.188323 0.981738
-0.026724 0.293967 0.955442
-0.026903 0.188323 0.981738
-0.026724 0.293967 0.955442
0.000000 0.267791 0.963477
0.080412 0.241236 0.967129
0.026824 0.241415 0.970051
0.079940 0.319761 0.944120
0.133321 0.293307 0.946676
0.159821 0.293004 0.942659
0.080412 0.241236 0.967129
0.080412 0.241236 0.967129
0.000000 0.396989 0.917823
-0.026604 0.345855 0.937911
-0.026604 0.345855 0.937911
-0.105995 0.370982 0.922571
-0.105995 0.370982 0.922571
-0.132380 0.370664 0.919284
-0.026667 0.320002 0.947042
-0.053193 0.345757 0.936815
-0.106517 0.319551 0.941563
-0.994396 -0.097490 0.040906
-0.106266 0.345365 0.932432
-0.159098 0.344712 0.925128
-0.105702 0.396384 0.911980
-0.158690 0.370276 0.915267
-0.186229 0.292646 0.937911
-0.185825 0.318558 0.929511
-0.186598 0.266568 0.945581
-0.186229 0.292646 0.937911
-0.186229 0.292646 0.937911
-0.159475 0.318949 0.934259
-0.159475 0.318949 0.934259
-0.160136 0.266893 0.950329
-0.133034 0.319280 0.938276
-0.134219 0.187907 0.972973
-0.134219 0.187907 0.972973
-0.133821 0.240877 0.961286
-0.053633 0.241348 0.968955
-0.026777 0.267766 0.963112
-0.026777 0.267766 0.963112
-0.987979 -0.138317 0.069028
-0.026866 0.214929 0.976260
-0.026724 0.293967 0.955442
0.000000 0.214949 0.976625
-0.026866 0.214929 0.976260
0.080412 0.241236 0.967129
0.080270 0.267567 0.960190
0.080412 0.241236 0.967129
0.080539 0.214770 0.973338
-0.026777 0.267766 0.963112
0.080412 0.241236 0.967129
0.079940 0.319761 0.944120
0.080113 0.293747 0.952520
0.106747 0.293555 0.949963
0.079752 0.345594 0.934989
0.053633 0.241348 0.968955
-0.026604 0.345855 0.937911
0.053058 0.371404 0.926954
-0.026724 0.293967 0.955442
-0.132380 0.370664 0.919284
-0.026213 0.471829 0.881300
-0.131204 0.446092 0.885318
-0.105995 0.370982 0.922571
-0.992475 -0.116762 0.036888
-0.992475 -0.116762 0.036888
-0.158690 0.370276 0.915267
-0.159098 0.344712 0.925128
-0.158690 0.370276 0.915267
-0.183845 0.420217 0.888605
-0.186229 0.292646 0.937911
-0.186598 0.266568 0.945581
-0.212533 0.292232 0.932432
-0.212533 0.292232 0.932432
-0.212533 0.292232 0.932432
-0.212533 0.292232 0.932432
-0.159098 0.344712 0.925128
-0.133821 0.240877 0.961286
-0.160136 0.266893 0.950329
-0.134380 0.161256 0.977721
-0.134032 0.214452 0.967495
-0.080270 0.267567 0.960190
0.000000 0.188341 0.982104
-0.026824 0.241415 0.970051
-0.026936 0.161613 0.986486
-0.026903 0.188323 0.981738
-0.026824 0.241415 0.970051
-0.026824 0.241415 0.970051
-0.026777 0.267766 0.963112
0.000000 0.214949 0.976625
0.080651 0.188185 0.978817
0.106957 0.267392 0.957633
0.080539 0.214770 0.973338
0.106747 0.293555 0.949963
0.078844 0.446783 0.891161
0.106266 0.345365 0.932432
0.053319 0.319912 0.945946
0.184909 0.369817 0.910519
0.185385 0.344287 0.920380
-0.026604 0.345855 0.937911
-0.026777 0.267766 0.963112
-0.105995 0.370982 0.922571
-0.132380 0.370664 0.919284
-0.079940 0.319761 0.944120
-0.131204 0.446092 0.885318
-0.106266 0.345365 0.932432
-0.079549 0.371228 0.925128
-0.106266 0.345365 0.932432
-0.133584 0.267168 0.954346
-0.133584 0.267168 0.954346
-0.133584 0.267168 0.954346
-0.080113 0.293747 0.952520
-0.106517 0.319551 0.941563
-0.026724 0.293967 0.955442
-0.026724 0.293967 0.955442
-0.026777 0.267766 0.963112
-0.026903 0.188323 0.981738
-0.106747 0.293555 0.949963
-0.107316 0.214631 0.970782
-0.026903 0.188323 0.981738
-0.026903 0.188323 0.981738
-0.026866 0.214929 0.976260
-0.026866 0.214929 0.976260
-0.026936 0.161613 0.986486
0.000000 0.241438 0.970416
-0.026777 0.267766 0.963112
-0.026777 0.267766 0.963112
0.026777 0.267766 0.963112
0.026667 0.320002 0.947042
0.185825 0.318558 0.929511
0.080412 0.241236 0.967129
0.053058 0.371404 0.926954
-0.026604 0.345855 0.937911
-0.026604 0.345855 0.937911
0.026667 0.320002 0.947042
-0.105995 0.370982 0.922571
-0.106266 0.345365 0.932432
-0.106266 0.345365 0.932432
-0.131204 0.446092 0.885318
-0.106747 0.293555 0.949963
-0.106517 0.319551 0.941563
-0.132720 0.345072 0.929145
-0.132014 0.396043 0.908692
-0.131622 0.421191 0.897370
-0.106517 0.319551 0.941563
-0.132720 0.345072 0.929145
-0.186229 0.292646 0.937911
-0.133034 0.319280 0.938276
-0.186229 0.292646 0.937911
-0.186229 0.292646 0.937911
-0.134032 0.214452 0.967495
-0.026667 0.320002 0.947042
-0.106517 0.319551 0.941563
-0.990200 -0.135910 0.032140
-0.026777 0.267766 0.963112
0.000000 0.293994 0.955807
-0.106747 0.293555 0.949963
-0.026866 0.214929 0.976260
0.026866 0.214929 0.976260
0.000000 0.214949 0.976625
