0.893910 -0.380739 0.236565
0.910182 -0.303394 0.281994
0.892387 -0.308903 0.328975
0.854623 -0.410219 0.318338
0.864266 -0.362992 0.348255
0.837461 -0.444367 0.318116
0.841043 -0.429104 0.329418
0.840063 -0.385029 0.382161
0.840063 -0.385029 0.382161
0.841043 -0.429104 0.329418
0.833844 -0.416922 0.361773
0.808931 -0.481916 0.336731
0.786232 -0.489211 0.377507
0.837027 -0.401075 0.372188
0.805100 -0.496764 0.324100
0.804802 -0.454888 0.381274
0.778861 -0.519241 0.351801
0.808931 -0.481916 0.336731
0.782619 -0.504354 0.364875
0.735055 -0.560042 0.382161
0.743452 -0.570556 0.348920
0.688598 -0.600316 0.406759
0.716033 -0.537025 0.445983
0.497988 -0.682428 0.535069
0.759366 -0.552266 0.344044
0.705587 -0.582109 0.404100
0.706598 -0.620428 0.340277
0.495285 -0.697068 0.518449
0.585727 -0.692223 0.421607
0.589232 -0.678509 0.438670
0.577504 -0.667739 0.469695
0.521466 -0.719263 0.459058
0.514378 -0.679714 0.522881
0.511563 -0.694265 0.506260
0.543406 -0.688315 0.480554
0.492494 -0.711381 0.501385
0.508658 -0.708487 0.489197
0.448411 -0.771268 0.451745
0.437546 -0.747475 0.499834
0.391108 -0.726343 0.565208
0.391108 -0.726343 0.565208
0.367119 -0.770949 0.520443
0.448411 -0.771268 0.451745
0.398826 -0.779523 0.482992
0.379444 -0.795025 0.473241
0.287180 -0.843592 0.453740
0.277139 -0.794465 0.540388
0.254196 -0.835216 0.487645
0.259202 -0.796121 0.546814
0.215664 -0.862657 0.457507
0.199458 -0.852228 0.483657
0.180320 -0.865537 0.467258
0.180320 -0.865537 0.467258
0.125785 -0.880495 0.457064
0.124834 -0.891674 0.435125
0.125785 -0.880495 0.457064
0.000000 -0.883770 0.467922
-0.037071 -0.834104 0.550360
-0.037071 -0.834104 0.550360
-0.109484 -0.857621 0.502493
-0.108714 -0.869711 0.481440
-0.178995 -0.877073 0.445762
-0.199458 -0.852228 0.483657
-0.217216 -0.850763 0.478560
-0.203484 -0.813935 0.544155
-0.193530 -0.897277 0.396787
-0.246819 -0.881496 0.402548
-0.291180 -0.818944 0.494515
-0.349661 -0.856670 0.379280
-0.371571 -0.831612 0.412742
-0.360068 -0.810153 0.462604
-0.355014 -0.834282 0.421828
-0.355014 -0.834282 0.421828
-0.416922 -0.833844 0.361773
-0.423252 -0.811233 0.403435
-0.426282 -0.799278 0.423601
-0.374272 -0.819833 0.433352
-0.376895 -0.807633 0.453518
-0.523015 -0.767089 0.371524
-0.464233 -0.882042 0.080554
-0.555690 -0.699094 0.449972
-0.544009 -0.782013 0.304155
-0.556213 -0.747411 0.363324
-0.585727 -0.692223 0.421607
-0.600316 -0.688598 0.406759
-0.600316 -0.688598 0.406759
-0.603946 -0.674999 0.423823
-0.639870 -0.639870 0.425596
-0.578376 -0.718589 0.386150
-0.620428 -0.706598 0.340277
-0.646833 -0.697899 0.307479
-0.659509 -0.693330 0.290416
-0.689820 -0.638083 0.342050
-0.693965 -0.624569 0.358227
-0.684846 -0.614605 0.391468
-0.685535 -0.651258 0.325429
-0.667604 -0.632467 0.392798
-0.735100 -0.598337 0.318781
-0.729364 -0.533681 0.428033
-0.723114 -0.602595 0.337618
-0.759366 -0.552266 0.344044
-0.770737 -0.507985 0.384598
-0.767089 -0.523015 0.371524
-0.777614 -0.477172 0.409418
-0.770737 -0.507985 0.384598
-0.749064 -0.499376 0.435346
-0.754906 -0.526678 0.390803
-0.745761 -0.514930 0.422715
-0.774147 -0.432082 0.462604
-0.786912 -0.429225 0.443324
-0.749064 -0.499376 0.435346
-0.777614 -0.477172 0.409418
-0.761850 -0.496089 0.416510
-0.760997 -0.434855 0.481440
-0.786912 -0.429225 0.443324
-0.774147 -0.432082 0.462604
-0.780847 -0.461410 0.421163
-0.777614 -0.477172 0.409418
-0.777614 -0.477172 0.409418
-0.770737 -0.507985 0.384598
-0.754906 -0.526678 0.390803
-0.749064 -0.499376 0.435346
-0.716033 -0.537025 0.445983
-0.735055 -0.560042 0.382161
-0.722313 -0.563756 0.400554
-0.701846 -0.596569 0.389252
-0.705587 -0.582109 0.404100
-0.695721 -0.570848 0.436011
-0.650084 -0.595910 0.471468
-0.602160 -0.620407 0.502493
-0.586705 -0.623374 0.516898
-0.632216 -0.614153 0.472355
-0.607461 -0.661060 0.440443
-0.623374 -0.586705 0.516898
-0.540266 -0.702346 0.463490
-0.552326 -0.712678 0.432465
-0.492494 -0.711381 0.501385
-0.502566 -0.735900 0.453740
-0.470494 -0.741933 0.477673
-0.406807 -0.907493 0.104709
-0.451311 -0.758203 0.470582
-0.451311 -0.758203 0.470582
-0.401351 -0.766215 0.501828
-0.410012 -0.802197 0.434017
-0.367119 -0.770949 0.520443
-0.371571 -0.831612 0.412742
-0.352375 -0.845701 0.400776
-0.306521 -0.829411 0.467036
-0.321399 -0.839209 0.438670
-0.291180 -0.818944 0.494515
-0.236899 -0.963389 0.125540
-0.265907 -0.868630 0.418061
-0.220191 -0.825716 0.519335
-0.106271 -0.903307 0.415623
-0.107108 -0.892569 0.438006
-0.107922 -0.881365 0.459945
-0.108714 -0.869711 0.481440
-0.036061 -0.883503 0.467036
0.017760 -0.905778 0.423380
0.018166 -0.871984 0.489197
0.035791 -0.894767 0.445097
0.063706 -0.987438 0.144598
0.142503 -0.890641 0.431801
0.563756 -0.722313 0.400554
0.200838 -0.839869 0.504266
0.196577 -0.875660 0.441108
0.215664 -0.862657 0.457507
0.227845 -0.893854 0.386150
0.287180 -0.843592 0.453740
0.282946 -0.866524 0.411191
0.333217 -0.859350 0.387922
0.362488 -0.797473 0.482327
0.533681 -0.729364 0.428033
0.447976 -0.827032 0.339612
0.227845 -0.893854 0.386150
0.434855 -0.760997 0.481440
0.429225 -0.786912 0.443324
0.448411 -0.771268 0.451745
0.473822 -0.789703 0.389695
0.519241 -0.778861 0.351801
0.563756 -0.722313 0.400554
0.541583 -0.751228 0.377285
0.537779 -0.763299 0.358006
0.578376 -0.718589 0.386150
0.523015 -0.767089 0.371524
0.545274 -0.738758 0.396122
0.521466 -0.719263 0.459058
0.742142 -0.607207 0.283767
0.680963 -0.628581 0.375734
0.667604 -0.632467 0.392798
0.685535 -0.651258 0.325429
0.706598 -0.620428 0.340277
0.714730 -0.592703 0.371302
0.730701 -0.611750 0.303047
0.730701 -0.611750 0.303047
0.774957 -0.533860 0.338283
0.782013 -0.544009 0.304155
0.796974 -0.525664 0.297507
0.801115 -0.511350 0.311025
0.816140 -0.451482 0.360665
0.827032 -0.447976 0.339612
0.827032 -0.447976 0.339612
0.833844 -0.416922 0.361773
0.825852 -0.404140 0.393241
0.801373 -0.470371 0.369529
0.797799 -0.485617 0.357341
0.808088 -0.439178 0.392576
0.796224 -0.442347 0.412742
0.780847 -0.461410 0.421163
0.777614 -0.477172 0.409418
0.780847 -0.461410 0.421163
0.817104 -0.390789 0.423823
0.847746 -0.397922 0.350693
0.793033 -0.458197 0.401440
0.793033 -0.458197 0.401440
0.844471 -0.413618 0.340277
0.786912 -0.429225 0.443324
0.780847 -0.461410 0.421163
0.780847 -0.461410 0.421163
0.783946 -0.445424 0.432465
0.758203 -0.451311 0.470582
0.738978 -0.486644 0.465928
0.804981 -0.393546 0.443989
0.728220 -0.473343 0.495623
0.691347 -0.527607 0.493629
0.676889 -0.530535 0.510249
0.662113 -0.533368 0.526427
0.488665 -0.639023 0.594017
0.471533 -0.641285 0.605319
0.473709 -0.625295 0.620166
0.615989 -0.541324 0.572299
0.456282 -0.627387 0.631025
0.570980 -0.626236 0.530859
0.456282 -0.627387 0.631025
0.454200 -0.643450 0.616177
0.462103 -0.577629 0.672909
0.466954 -0.672414 0.574294
0.452046 -0.659234 0.600886
0.529428 -0.586152 0.613296
0.434618 -0.661375 0.611302
0.529428 -0.586152 0.613296
0.147648 -0.830520 0.537064
0.379433 -0.682979 0.624155
0.344897 -0.670634 0.656731
0.326498 -0.672202 0.664488
0.303464 -0.720726 0.623269
0.307967 -0.673677 0.671801
0.270540 -0.676351 0.685097
0.231602 -0.694805 0.680886
0.188613 -0.773314 0.605319
-0.094794 -0.777307 0.621939
0.113667 -0.776723 0.619501
0.149509 -0.803613 0.576066
0.131737 -0.790424 0.598227
-0.094794 -0.777307 0.621939
0.095373 -0.985524 0.140166
0.018990 -0.778580 0.627258
0.000000 -0.748676 0.662936
0.000000 -0.748676 0.662936
0.000000 -0.717440 0.696620
-0.057252 -0.763357 0.643435
-0.076300 -0.762997 0.641884
-0.057252 -0.763357 0.643435
-0.224343 -0.785200 0.577175
-0.285098 -0.722249 0.630139
-0.285098 -0.722249 0.630139
-0.283602 -0.737366 0.613075
-0.321703 -0.719101 0.615956
-0.344897 -0.670634 0.656731
-0.397289 -0.681066 0.615069
-0.412882 -0.694392 0.589363
-0.456282 -0.627387 0.631025
-0.414978 -0.679054 0.605540
-0.339808 -0.717373 0.608199
-0.410717 -0.709421 0.572742
-0.449819 -0.674729 0.585152
-0.505587 -0.636665 0.582271
-0.522289 -0.634208 0.570083
-0.478782 -0.699759 0.530194
-0.552241 -0.644281 0.529086
-0.554995 -0.628995 0.544377
-0.562108 -0.670903 0.483657
-0.583740 -0.638466 0.501607
-0.605127 -0.605127 0.517341
-0.602160 -0.620407 0.502493
-0.626236 -0.570980 0.530859
-0.634208 -0.522289 0.570083
-0.607993 -0.589569 0.531745
-0.623374 -0.586705 0.516898
-0.650084 -0.595910 0.471468
-0.618458 -0.524753 0.584931
-0.659271 -0.549392 0.513352
-0.647030 -0.536110 0.542161
-0.664847 -0.517103 0.539058
-0.631652 -0.538762 0.557452
-0.644281 -0.552241 0.529086
-0.636665 -0.505587 0.582271
-0.656995 -0.469282 0.590028
-0.672414 -0.466954 0.574294
-0.730966 -0.456854 0.506925
-0.730966 -0.456854 0.506925
-0.747475 -0.437546 0.499834
-0.744764 -0.454125 0.488975
-0.752538 -0.403801 0.520222
-0.773137 -0.349753 0.529086
-0.768642 -0.384321 0.511357
-0.742961 -0.371480 0.556787
-0.799795 -0.345366 0.490970
-0.797473 -0.362488 0.482327
-0.795025 -0.379444 0.473241
-0.801991 -0.328087 0.499169
-0.786655 -0.347592 0.510249
-0.796121 -0.259202 0.546814
-0.788787 -0.330190 0.518449
-0.811126 -0.239651 0.533518
-0.794465 -0.277139 0.540388
-0.807838 -0.275399 0.521108
-0.800386 -0.204750 0.563435
-0.822579 -0.255913 0.507812
-0.822579 -0.255913 0.507812
-0.822579 -0.255913 0.507812
-0.796121 -0.259202 0.546814
-0.790799 -0.312642 0.526205
-0.807838 -0.275399 0.521108
-0.775207 -0.332232 0.537285
-0.811126 -0.239651 0.533518
-0.778998 -0.296761 0.552355
-0.773137 -0.349753 0.529086
-0.804063 -0.310661 0.506925
-0.801991 -0.328087 0.499169
-0.790799 -0.312642 0.526205
-0.750537 -0.300215 0.588698
-0.773137 -0.349753 0.529086
-0.738506 -0.406178 0.538172
-0.742961 -0.371480 0.556787
-0.745020 -0.353885 0.565429
-0.728449 -0.373563 0.574294
-0.721804 -0.425679 0.545706
-0.692210 -0.430293 0.579391
-0.661375 -0.434618 0.611302
-0.651168 -0.383040 0.655180
-0.669996 -0.483886 0.562992
-0.649674 -0.519739 0.554792
-0.565097 -0.565097 0.601108
-0.588362 -0.512444 0.625485
-0.581463 -0.562706 0.587590
-0.565097 -0.565097 0.601108
-0.505587 -0.636665 0.582271
-0.527132 -0.602436 0.599335
-0.436675 -0.645520 0.626593
-0.460232 -0.594467 0.659391
-0.424463 -0.598107 0.679778
-0.410717 -0.709421 0.572742
-0.310730 -0.640881 0.701939
-0.309372 -0.657415 0.687091
-0.269274 -0.692419 0.669363
-0.285098 -0.722249 0.630139
-0.229331 -0.726215 0.648089
0.114904 -0.746878 0.654958
0.133227 -0.761295 0.634571
0.155213 -0.698460 0.698615
0.194459 -0.680607 0.706371
0.232683 -0.678659 0.696620
0.252797 -0.661161 0.706371
0.233729 -0.662233 0.711911
0.230485 -0.710661 0.664709
0.303464 -0.720726 0.623269
0.305013 -0.705343 0.639889
0.305013 -0.705343 0.639889
0.324951 -0.688132 0.648753
0.384754 -0.634844 0.670028
0.359624 -0.700321 0.616620
0.326498 -0.672202 0.664488
0.379433 -0.682979 0.624155
0.383040 -0.651168 0.655180
0.406317 -0.599801 0.689307
0.399219 -0.665365 0.630803
0.417006 -0.663419 0.621274
0.436675 -0.645520 0.626593
0.473709 -0.625295 0.620166
0.456282 -0.627387 0.631025
0.475810 -0.609036 0.634571
0.493128 -0.606927 0.623269
0.447604 -0.544909 0.709030
0.458292 -0.611056 0.645429
0.429390 -0.546497 0.719003
0.463905 -0.560552 0.685983
0.573790 -0.497285 0.650748
0.479792 -0.575751 0.662050
0.558744 -0.481676 0.675125
0.462103 -0.577629 0.672909
0.596329 -0.442438 0.669806
0.577629 -0.462103 0.672909
0.614830 -0.422696 0.665817
0.619840 -0.368030 0.693075
0.598107 -0.424463 0.679778
0.618256 -0.386410 0.684432
0.616586 -0.404635 0.675346
0.619840 -0.368030 0.693075
0.621339 -0.349503 0.701274
0.621339 -0.349503 0.701274
0.619840 -0.368030 0.693075
0.619840 -0.368030 0.693075
0.654472 -0.346485 0.672022
0.708197 -0.267966 0.653186
0.658752 -0.290626 0.693961
0.660001 -0.271765 0.700388
0.688132 -0.324951 0.648753
0.660001 -0.271765 0.700388
0.694805 -0.231602 0.680886
0.692419 -0.269274 0.669363
0.662233 -0.233729 0.711911
0.673677 -0.307967 0.671801
0.688132 -0.324951 0.648753
0.643379 -0.272949 0.715235
0.626497 -0.274093 0.729640
0.624085 -0.312042 0.716343
0.621339 -0.349503 0.701274
0.627580 -0.254954 0.735623
0.638037 -0.348020 0.686870
0.624085 -0.312042 0.716343
0.604387 -0.350934 0.715235
0.638037 -0.348020 0.686870
0.553323 -0.335946 0.762216
0.556550 -0.278275 0.782825
0.548010 -0.411007 0.728532
0.514962 -0.376318 0.770194
0.494256 -0.415175 0.763767
0.482320 -0.301450 0.822493
0.459716 -0.379765 0.802770
0.481410 -0.320940 0.815623
0.400955 -0.421003 0.813629
0.462673 -0.321860 0.826039
0.404661 -0.343962 0.847313
0.058137 -0.717018 0.694626
0.380814 -0.440943 0.812742
0.264273 -0.426903 0.864820
0.243030 -0.465807 0.850859
0.019571 -0.684968 0.728310
0.302310 -0.463543 0.832909
0.302310 -0.463543 0.832909
0.263597 -0.446088 0.855291
0.264273 -0.426903 0.864820
0.183913 -0.429129 0.884321
0.204611 -0.409223 0.889197
0.201893 -0.504733 0.839335
0.183913 -0.429129 0.884321
0.142571 -0.468449 0.871911
0.163228 -0.448876 0.878560
0.041054 -0.431068 0.901385
0.081628 -0.469363 0.879224
0.020425 -0.469778 0.882548
0.000000 -0.450567 0.892742
-0.061563 -0.430942 0.900277
-0.041152 -0.411521 0.910471
0.020531 -0.431143 0.902050
-0.041054 -0.431068 0.901385
-0.082247 -0.411234 0.907812
-0.061563 -0.430942 0.900277
-0.143656 -0.410445 0.900499
-0.164034 -0.410086 0.897175
-0.162340 -0.487019 0.858172
-0.204119 -0.428650 0.880111
-0.163228 -0.448876 0.878560
-0.245994 -0.368991 0.896288
-0.224253 -0.428119 0.875457
-0.244899 -0.408166 0.879446
-0.243683 -0.446753 0.860831
-0.244899 -0.408166 0.879446
-0.323574 -0.424690 0.845540
-0.304659 -0.406212 0.861496
-0.283416 -0.445368 0.849307
-0.303132 -0.444593 0.842881
-0.383667 -0.383667 0.840000
-0.361586 -0.441939 0.820942
-0.323574 -0.424690 0.845540
-0.366568 -0.325839 0.871468
-0.403811 -0.363430 0.839557
-0.365090 -0.365090 0.856399
-0.423848 -0.343115 0.838227
-0.423848 -0.343115 0.838227
-0.422005 -0.381814 0.822271
-0.402910 -0.382764 0.831357
-0.442879 -0.342225 0.828698
-0.344766 -0.385326 0.855956
-0.478316 -0.378667 0.792355
-0.463543 -0.302310 0.832909
-0.442879 -0.342225 0.828698
-0.387460 -0.285497 0.876565
-0.462673 -0.321860 0.826039
-0.481410 -0.320940 0.815623
-0.446753 -0.243683 0.860831
-0.484690 -0.242345 0.840443
-0.445368 -0.283416 0.849307
-0.523307 -0.201272 0.828033
-0.520253 -0.280136 0.806759
-0.542313 -0.180771 0.820499
-0.464355 -0.282651 0.839335
-0.538504 -0.279224 0.795014
-0.561097 -0.160313 0.812078
-0.559860 -0.199950 0.804100
-0.521114 -0.260557 0.812742
-0.543369 -0.140873 0.827590
-0.540991 -0.220404 0.811634
-0.524448 -0.161369 0.836011
-0.597451 -0.139405 0.789695
-0.561097 -0.160313 0.812078
-0.578500 -0.179535 0.795679
-0.596896 -0.159172 0.786371
-0.598338 -0.099723 0.795014
-0.613070 -0.197765 0.764875
-0.577822 -0.199249 0.791468
-0.596896 -0.159172 0.786371
-0.613801 -0.178200 0.769086
-0.613070 -0.197765 0.764875
-0.577822 -0.199249 0.791468
-0.560513 -0.180165 0.808310
-0.597932 -0.119586 0.792576
-0.543369 -0.140873 0.827590
-0.596896 -0.159172 0.786371
-0.559860 -0.199950 0.804100
-0.525333 -0.121231 0.842216
-0.523910 -0.181353 0.832244
-0.523910 -0.181353 0.832244
-0.468809 -0.122298 0.874792
-0.467032 -0.203057 0.860609
-0.467560 -0.182958 0.864820
-0.485972 -0.202488 0.850194
-0.464355 -0.282651 0.839335
-0.447922 -0.203601 0.870582
-0.387460 -0.285497 0.876565
-0.409679 -0.184355 0.893407
-0.388077 -0.265526 0.882548
-0.308819 -0.267643 0.912687
-0.349204 -0.246497 0.904044
-0.226690 -0.329732 0.916454
-0.308336 -0.287780 0.906704
-0.267643 -0.308819 0.912687
-0.245994 -0.368991 0.896288
-0.248212 -0.268896 0.930637
-0.227828 -0.269251 0.935734
-0.205939 -0.350097 0.913795
-0.205079 -0.389650 0.897839
-0.144583 -0.351129 0.925097
-0.165094 -0.350826 0.921773
-0.144291 -0.371034 0.917341
-0.103416 -0.351614 0.930416
-0.061710 -0.411401 0.909363
-0.082775 -0.351795 0.932410
0.102988 -0.391353 0.914460
0.000000 -0.352118 0.935956
0.104126 -0.270727 0.957008
0.000000 -0.311828 0.950139
0.020712 -0.352098 0.935734
0.083079 -0.311545 0.946593
0.165703 -0.310692 0.935956
0.103208 -0.371548 0.922659
0.144291 -0.371034 0.917341
0.124476 -0.311190 0.942161
0.124682 -0.290924 0.948587
0.165703 -0.310692 0.935956
0.186234 -0.310390 0.932188
0.289132 -0.247827 0.924654
0.185902 -0.330493 0.925319
-0.061850 -0.391715 0.918006
0.165094 -0.350826 0.921773
0.205079 -0.389650 0.897839
0.165408 -0.330816 0.929086
0.164761 -0.370712 0.914017
0.185549 -0.350482 0.918006
0.185902 -0.330493 0.925319
0.227096 -0.309677 0.923324
0.246970 -0.329293 0.911357
0.246970 -0.329293 0.911357
0.327148 -0.327148 0.886537
0.327743 -0.307259 0.893407
0.287780 -0.308336 0.906704
0.328299 -0.287261 0.899834
0.327148 -0.327148 0.886537
0.327148 -0.327148 0.886537
0.307259 -0.327743 0.893407
0.289132 -0.247827 0.924654
0.268896 -0.248212 0.930637
0.307816 -0.307816 0.900277
0.287780 -0.308336 0.906704
0.288265 -0.288265 0.913130
0.309266 -0.247413 0.918227
0.308336 -0.287780 0.906704
0.410756 -0.123227 0.903380
0.268896 -0.248212 0.930637
0.410086 -0.164034 0.897175
0.506281 -0.141759 0.850637
0.447364 -0.223682 0.865928
0.449617 -0.122623 0.884765
0.487019 -0.162340 0.858172
0.447922 -0.203601 0.870582
0.430540 -0.102510 0.896731
0.429129 -0.183913 0.884321
0.487454 -0.142174 0.861496
0.488411 -0.081402 0.868809
0.524448 -0.161369 0.836011
0.487454 -0.142174 0.861496
0.450145 -0.081845 0.889197
0.449617 -0.122623 0.884765
0.487454 -0.142174 0.861496
0.487454 -0.142174 0.861496
0.488411 -0.081402 0.868809
0.488150 -0.101698 0.866814
0.486525 -0.182447 0.854404
0.487831 -0.121958 0.864377
0.487831 -0.121958 0.864377
0.485972 -0.202488 0.850194
0.487831 -0.121958 0.864377
0.485972 -0.202488 0.850194
0.488613 -0.061077 0.870360
0.488874 0.000000 0.872355
0.488150 -0.101698 0.866814
0.469363 -0.081628 0.879224
0.487454 -0.142174 0.861496
0.449908 -0.102252 0.887202
0.487454 -0.142174 0.861496
0.487454 -0.142174 0.861496
0.448876 -0.163228 0.878560
0.429936 -0.143312 0.891413
0.410756 -0.123227 0.903380
0.429558 -0.163641 0.888089
0.289514 -0.227476 0.929751
0.410086 -0.164034 0.897175
0.410086 -0.164034 0.897175
0.269575 -0.207365 0.940388
0.269251 -0.227828 0.935734
0.249463 -0.187097 0.950139
0.249463 -0.187097 0.950139
0.208405 -0.187564 0.959889
0.229388 -0.145974 0.962327
0.249193 -0.207661 0.945928
0.188104 -0.146303 0.971191
0.270359 -0.145578 0.951690
0.125494 -0.188242 0.974072
0.125614 -0.167485 0.977839
0.104643 -0.188358 0.976510
0.104643 -0.188358 0.976510
0.083836 -0.167673 0.982271
0.104532 -0.209063 0.972299
0.104643 -0.188358 0.976510
0.083569 -0.229815 0.969640
0.083907 -0.146837 0.985596
0.041907 -0.188579 0.981163
0.041946 -0.167785 0.984931
0.062775 -0.209251 0.975845
0.021009 -0.126057 0.991801
0.000000 -0.105117 0.994460
-0.167222 -0.167222 0.971634
-0.084061 -0.084061 0.992909
-0.083836 -0.167673 0.982271
-0.146443 -0.167363 0.974958
-0.146837 -0.083907 0.985596
-0.209251 -0.062775 0.975845
-0.208934 -0.125360 0.969861
-0.229698 -0.104408 0.967645
-0.229815 -0.083569 0.969640
-0.167739 -0.062902 0.983823
-0.250100 -0.125050 0.960111
-0.229556 -0.125212 0.965208
-0.208934 -0.125360 0.969861
-0.250100 -0.125050 0.960111
-0.290924 -0.124682 0.948587
-0.311810 0.020787 0.949917
-0.291502 -0.020822 0.956343
-0.250255 -0.104273 0.962548
-0.250382 -0.083461 0.964543
-0.332030 0.000000 0.943269
-0.311385 -0.103795 0.944598
-0.311385 -0.103795 0.944598
-0.291106 -0.103966 0.951025
-0.332011 -0.020751 0.943047
-0.291453 -0.041636 0.955679
-0.332030 0.000000 0.943269
-0.331348 -0.124256 0.935291
-0.332011 -0.020751 0.943047
-0.290924 -0.124682 0.948587
-0.291502 0.020822 0.956343
-0.250594 -0.020883 0.967867
-0.311810 -0.020787 0.949917
-0.250481 -0.062620 0.966094
-0.250255 -0.104273 0.962548
-0.230008 0.020910 0.972964
-0.188527 -0.062842 0.980055
-0.230008 -0.020910 0.972964
-0.146837 -0.083907 0.985596
-0.146837 -0.083907 0.985596
-0.167589 -0.104743 0.980277
0.021033 -0.084131 0.996233
0.042087 -0.042087 0.998227
0.021022 -0.105111 0.994238
0.021050 -0.021050 0.999557
0.020994 -0.146960 0.988920
0.041946 -0.167785 0.984931
0.020977 -0.167813 0.985596
0.000000 -0.042096 0.999114
0.021009 -0.126057 0.991801
0.021022 -0.105111 0.994238
0.021051 0.000000 0.999778
0.063112 -0.042075 0.997119
0.084061 -0.084061 0.992909
0.125888 -0.104907 0.986482
0.188242 -0.125494 0.974072
0.167589 -0.104743 0.980277
0.167813 -0.020977 0.985596
0.167589 -0.104743 0.980277
0.167589 -0.104743 0.980277
0.188453 -0.083757 0.978504
0.209169 -0.083668 0.974294
0.291453 -0.041636 0.955679
0.167673 -0.083836 0.982271
0.332030 0.000000 0.943269
0.331727 -0.082932 0.939723
0.372062 -0.020670 0.927978
0.431068 0.041054 0.901385
0.291255 -0.083216 0.953019
0.331557 -0.103611 0.937729
0.352098 -0.020712 0.935734
0.352037 -0.041416 0.935069
0.372062 -0.020670 0.927978
0.411592 -0.020580 0.911136
0.431168 0.000000 0.902271
0.411592 -0.020580 0.911136
0.488613 -0.061077 0.870360
0.488758 -0.040730 0.871468
0.507644 -0.040611 0.860609
0.507644 -0.040611 0.860609
0.526344 -0.040488 0.849307
0.544980 0.000000 0.838449
0.563254 -0.020116 0.826039
0.597932 -0.119586 0.792576
0.632886 -0.118666 0.765097
0.668334 -0.019657 0.743601
0.792886 0.037756 0.608199
0.747877 -0.076705 0.659391
0.748626 -0.019196 0.662715
0.762997 -0.076300 0.641884
0.847321 0.000000 0.531080
0.866778 -0.162521 0.471468
0.871011 -0.072584 0.485873
0.867887 -0.144648 0.475235
0.924143 -0.087183 0.371967
0.904084 -0.088636 0.418061
0.918528 -0.173307 0.355346
0.922350 -0.121820 0.366648
0.929102 -0.154850 0.335845
0.948369 -0.118546 0.294183
0.943571 -0.231754 0.236565
0.952524 -0.213497 0.217064
0.941116 -0.247662 0.230139
0.971041 -0.191024 0.143490
0.975125 -0.188734 0.116233
0.966256 -0.193251 0.170305
0.963966 -0.208859 0.164765
0.966256 -0.193251 0.170305
0.958817 -0.239704 0.152355
0.968358 -0.177532 0.175402
0.953954 -0.281495 0.103601
0.963966 -0.208859 0.164765
0.975125 -0.188734 0.116233
0.953954 -0.281495 0.103601
0.949646 -0.284894 0.130416
0.963966 -0.208859 0.164765
0.958570 -0.211210 0.191136
0.966256 -0.193251 0.170305
0.966256 -0.193251 0.170305
0.946196 -0.299629 0.122216
0.946196 -0.299629 0.122216
0.949646 -0.284894 0.130416
0.931410 -0.266117 0.248310
0.919427 -0.328367 0.216399
0.932277 -0.321475 0.165873
0.910876 -0.383527 0.152355
0.905227 -0.362091 0.222382
0.897646 -0.391700 0.201994
0.900386 -0.401958 0.166537
0.877002 -0.387905 0.283546
0.856350 -0.484726 0.178061
0.857479 -0.461719 0.227036
0.848775 -0.465994 0.249861
0.815667 -0.492799 0.303047
0.798280 -0.548818 0.248089
0.811564 -0.507228 0.289972
0.793518 -0.562075 0.233241
0.750606 -0.660533 0.016953
0.773193 -0.571490 0.274903
0.763727 -0.597699 0.243878
0.777682 -0.557902 0.289751
0.672796 -0.655545 0.342936
0.646833 -0.697899 0.307479
0.633802 -0.702321 0.324100
0.548199 -0.770905 0.324321
0.541583 -0.751228 0.377285
0.541583 -0.751228 0.377285
0.526678 -0.754906 0.390803
0.526678 -0.754906 0.390803
0.466819 -0.812610 0.348920
0.466819 -0.812610 0.348920
0.481916 -0.808931 0.336731
0.500615 -0.794078 0.344709
0.496089 -0.761850 0.416510
0.439178 -0.808088 0.392576
0.451482 -0.816140 0.360665
0.435916 -0.819523 0.371967
0.425548 -0.851096 0.307479
0.349661 -0.856670 0.379280
0.391338 -0.867750 0.306371
0.306187 -0.901550 0.305706
0.304361 -0.841468 0.446427
0.227845 -0.893854 0.386150
0.087183 -0.924143 0.371967
0.070386 -0.915016 0.397230
0.017470 -0.925932 0.377285
0.017470 -0.925932 0.377285
-0.017470 -0.925932 0.377285
-0.034001 -0.952016 0.304155
0.053665 -0.894424 0.443989
-0.087919 -0.914363 0.395235
-0.278468 -0.887616 0.366870
-0.257290 -0.909093 0.327645
-0.273732 -0.906738 0.320776
-0.324969 -0.926163 0.191357
-0.328367 -0.919427 0.216399
-0.313055 -0.922688 0.225042
-0.338006 -0.895717 0.288864
-0.387905 -0.877002 0.283546
-0.387905 -0.877002 0.283546
-0.374874 -0.921564 0.100942
-0.413618 -0.844471 0.340277
-0.444367 -0.837461 0.318116
-0.438408 -0.892473 0.106260
-0.575992 -0.762343 0.295069
-0.559256 -0.814916 0.152133
-0.576892 -0.801239 0.158781
-0.592727 -0.773838 0.223269
-0.579957 -0.778799 0.239003
-0.576892 -0.801239 0.158781
-0.592727 -0.773838 0.223269
-0.615668 -0.784976 0.069030
-0.615668 -0.784976 0.069030
-0.634397 -0.748263 0.194017
-0.628898 -0.757903 0.173407
-0.615668 -0.784976 0.069030
-0.651388 -0.732811 0.196676
-0.676536 -0.676536 0.290859
-0.716585 -0.649926 0.253186
-0.727587 -0.644907 0.233906
-0.696920 -0.712407 0.082327
-0.725130 -0.677839 0.121330
-0.773193 -0.571490 0.274903
-0.768704 -0.605150 0.207091
-0.807301 -0.521382 0.276454
-0.788583 -0.575008 0.217950
-0.788583 -0.575008 0.217950
-0.787164 -0.594389 0.164543
-0.796974 -0.525664 0.297507
-0.820306 -0.546871 0.167424
-0.820306 -0.546871 0.167424
-0.853054 -0.475742 0.214404
-0.857479 -0.461719 0.227036
-0.846303 -0.510976 0.150582
-0.873245 -0.452794 0.180055
-0.838689 -0.516117 0.173850
-0.882056 -0.424694 0.203989
-0.877744 -0.438872 0.192244
-0.861089 -0.471162 0.191136
-0.882056 -0.424694 0.203989
-0.889333 -0.420412 0.179834
-0.908749 -0.346977 0.231911
-0.890137 -0.395616 0.226150
-0.891447 -0.429805 0.143490
-0.861727 -0.447435 0.239224
-0.891447 -0.429805 0.143490
-0.891447 -0.429805 0.143490
-0.861727 -0.447435 0.239224
-0.896014 -0.416006 0.155235
-0.874203 -0.359966 0.325873
-0.873245 -0.452794 0.180055
-0.882056 -0.424694 0.203989
-0.864284 -0.406722 0.295956
-0.874206 -0.428856 0.227701
-0.848449 -0.489490 0.201330
-0.856863 -0.436832 0.273795
-0.848449 -0.489490 0.201330
-0.814916 -0.559256 0.152133
-0.814916 -0.559256 0.152133
-0.801239 -0.576892 0.158781
-0.768542 -0.584760 0.259612
-0.783590 -0.566852 0.254294
-0.753156 -0.602525 0.264044
-0.723114 -0.602595 0.337618
-0.742142 -0.607207 0.283767
-0.721447 -0.637558 0.270249
-0.685535 -0.651258 0.325429
-0.666944 -0.700291 0.254515
-0.638083 -0.689820 0.342050
-0.624569 -0.693965 0.358227
-0.597699 -0.763727 0.243878
-0.542049 -0.836304 0.082327
-0.571490 -0.773193 0.274903
-0.557902 -0.777682 0.289751
-0.397922 -0.847746 0.350693
-0.385029 -0.840063 0.382161
-0.397922 -0.847746 0.350693
-0.401075 -0.837027 0.372188
-0.346869 -0.867173 0.357341
-0.319039 -0.850770 0.417618
-0.233192 -0.861015 0.451967
-0.265907 -0.868630 0.418061
-0.282946 -0.866524 0.411191
-0.109484 -0.857621 0.502493
-0.073097 -0.858885 0.506925
-0.108714 -0.869711 0.481440
0.018166 -0.871984 0.489197
0.000000 -0.895041 0.445983
0.164806 -0.842340 0.513130
0.238105 -0.824209 0.513795
0.257582 -0.809542 0.527535
0.296761 -0.778998 0.552355
0.296761 -0.778998 0.552355
0.362488 -0.797473 0.482327
0.388915 -0.740790 0.547701
0.373563 -0.728449 0.574294
0.384321 -0.768642 0.511357
0.428023 -0.707168 0.562770
0.406178 -0.738506 0.538172
0.445142 -0.704807 0.552355
0.466954 -0.672414 0.574294
0.466954 -0.672414 0.574294
0.533368 -0.662113 0.526427
0.483886 -0.669996 0.562992
0.471533 -0.641285 0.605319
0.554995 -0.628995 0.544377
0.560227 -0.597575 0.573629
0.490936 -0.623110 0.608864
0.600053 -0.543798 0.586704
0.490936 -0.623110 0.608864
0.473709 -0.625295 0.620166
0.628995 -0.554995 0.544377
0.623110 -0.490936 0.608864
0.634208 -0.522289 0.570083
0.682428 -0.497988 0.535069
0.724129 -0.408483 0.555679
0.699759 -0.478782 0.530194
0.689924 -0.447518 0.568975
0.676942 -0.432491 0.595568
0.676942 -0.432491 0.595568
0.672414 -0.466954 0.574294
0.713607 -0.375582 0.591357
0.707168 -0.428023 0.562770
0.733595 -0.440157 0.517784
0.709421 -0.410717 0.572742
0.709421 -0.410717 0.572742
0.709421 -0.410717 0.572742
0.742961 -0.371480 0.556787
0.730445 -0.355858 0.582936
0.728449 -0.373563 0.574294
0.752538 -0.403801 0.520222
0.738506 -0.406178 0.538172
0.745020 -0.353885 0.565429
0.746969 -0.336136 0.573629
0.748808 -0.318243 0.581385
0.775207 -0.332232 0.537285
0.746969 -0.336136 0.573629
0.755077 -0.245400 0.607978
0.758659 -0.189665 0.623269
0.753671 -0.263785 0.601994
0.750537 -0.300215 0.588698
0.726215 -0.229331 0.648089
0.740197 -0.246732 0.625485
0.694805 -0.231602 0.680886
0.729285 -0.172725 0.662050
0.712739 -0.192632 0.674460
0.694805 -0.231602 0.680886
0.694805 -0.231602 0.680886
0.699734 -0.116622 0.704820
0.732438 -0.077099 0.676454
0.699734 -0.116622 0.704820
0.714435 -0.154472 0.682438
0.715140 -0.135297 0.685762
0.732438 -0.077099 0.676454
0.715140 -0.135297 0.685762
0.698460 -0.155213 0.698615
0.701188 -0.038955 0.711911
0.716690 -0.077480 0.693075
0.714435 -0.154472 0.682438
0.762997 -0.076300 0.641884
0.776723 -0.113667 0.619501
0.762533 -0.095317 0.639889
0.746878 -0.114904 0.654958
0.762533 -0.095317 0.639889
0.761966 -0.114295 0.637452
0.761295 -0.133227 0.634571
0.761295 -0.133227 0.634571
0.730839 -0.134628 0.669141
0.761295 -0.133227 0.634571
0.761966 -0.114295 0.637452
0.761295 -0.133227 0.634571
0.731469 -0.115495 0.672022
0.731469 -0.115495 0.672022
0.763357 -0.057252 0.643435
0.761966 -0.114295 0.637452
0.763614 -0.038181 0.644543
0.761966 -0.114295 0.637452
0.761966 -0.114295 0.637452
0.777307 -0.094794 0.621939
0.761295 -0.133227 0.634571
0.776723 -0.113667 0.619501
0.778633 0.000000 0.627479
0.778633 0.000000 0.627479
0.778156 -0.056938 0.625485
0.778156 -0.056938 0.625485
0.778156 -0.056938 0.625485
0.793050 -0.018882 0.608864
0.778156 -0.056938 0.625485
0.778580 -0.018990 0.627258
-0.188632 0.926014 0.326981
-0.252610 0.926236 0.279778
-0.410219 0.854623 0.318338
-0.276133 0.897432 0.344044
-0.259535 0.899723 0.350914
-0.300522 0.918262 0.257839
-0.416922 0.833844 0.361773
-0.397922 0.847746 0.350693
-0.372478 0.880402 0.293518
-0.365651 0.897507 0.246537
-0.403124 0.873436 0.273130
-0.410219 0.854623 0.318338
-0.391338 0.867750 0.306371
-0.470148 0.839550 0.272244
-0.484516 0.835372 0.259612
-0.463161 0.823398 0.327867
-0.498615 0.831025 0.246537
-0.465994 0.848775 0.249861
-0.485617 0.797799 0.357341
-0.525961 0.821814 0.219058
-0.539693 0.792675 0.283546
-0.539693 0.792675 0.283546
-0.584760 0.768542 0.259612
-0.607207 0.742142 0.283767
-0.611750 0.730701 0.303047
-0.616156 0.718848 0.321884
-0.629384 0.714436 0.305706
-0.607207 0.742142 0.283767
-0.624828 0.726151 0.286870
-0.671815 0.688611 0.272909
-0.661918 0.711562 0.235679
-0.685535 0.651258 0.325429
-0.678709 0.695263 0.236565
-0.689820 0.638083 0.342050
-0.671815 0.688611 0.272909
-0.732601 0.632701 0.250970
-0.746676 0.593947 0.299501
-0.735100 0.598337 0.318781
-0.751057 0.580362 0.314792
-0.773193 0.571490 0.274903
-0.773193 0.571490 0.274903
-0.773193 0.571490 0.274903
-0.759366 0.552266 0.344044
-0.792675 0.539693 0.283546
-0.792675 0.539693 0.283546
-0.807301 0.521382 0.276454
-0.783590 0.566852 0.254294
-0.823398 0.463161 0.327867
-0.815667 0.492799 0.303047
-0.827032 0.447976 0.339612
-0.843562 0.455523 0.284432
-0.843562 0.455523 0.284432
-0.816140 0.451482 0.360665
-0.880402 0.372478 0.293518
-0.833844 0.416922 0.361773
-0.857993 0.394677 0.328753
-0.869703 0.418127 0.262271
-0.841043 0.429104 0.329418
-0.880402 0.372478 0.293518
-0.839209 0.321399 0.438670
-0.872537 0.314113 0.374183
-0.880029 0.327854 0.343601
-0.897432 0.276133 0.344044
-0.874203 0.359966 0.325873
-0.882710 0.311545 0.351801
-0.892387 0.308903 0.328975
-0.889630 0.325057 0.320776
-0.880029 0.327854 0.343601
-0.903846 0.225961 0.363324
-0.899723 0.259535 0.350914
-0.899723 0.259535 0.350914
-0.862657 0.215664 0.457507
-0.847441 0.252429 0.467036
-0.853094 0.302138 0.425374
-0.895639 0.210738 0.391690
-0.865537 0.180320 0.467258
-0.850763 0.217216 0.478560
-0.865537 0.180320 0.467258
-0.862657 0.215664 0.457507
-0.855280 0.285093 0.432687
-0.862657 0.215664 0.457507
-0.862657 0.215664 0.457507
-0.841167 0.182862 0.508920
-0.841167 0.182862 0.508920
-0.855848 0.145676 0.496288
-0.865537 0.180320 0.467258
-0.853564 0.181609 0.488310
-0.842340 0.164806 0.513130
-0.869711 0.108714 0.481440
-0.871790 0.036325 0.488532
-0.871465 0.054467 0.487424
-0.864164 0.198038 0.462604
-0.859327 0.054851 0.508476
-0.871790 0.036325 0.488532
-0.871790 0.036325 0.488532
-0.829501 0.165900 0.533296
-0.871465 0.054467 0.487424
-0.871790 0.036325 0.488532
-0.830520 0.147648 0.537064
-0.859643 0.036581 0.509584
-0.846340 0.073595 0.527535
-0.894973 0.017899 0.445762
-0.959252 0.050487 0.278006
-0.871011 0.072584 0.485873
-0.868864 0.126709 0.478560
-0.870426 0.090669 0.483878
-0.883770 0.000000 0.467922
-0.894973 0.017899 0.445762
-0.905214 0.053248 0.421607
-0.871011 0.072584 0.485873
-0.893943 0.071515 0.442438
-0.882702 0.072057 0.464377
-0.847076 0.036829 0.530194
-0.905214 0.053248 0.421607
-0.894424 0.053665 0.443989
-0.881365 0.107922 0.459945
-0.912618 0.122852 0.389917
-0.905680 0.209003 0.368864
-0.902387 0.123857 0.412742
-0.890641 0.142503 0.431801
-0.877073 0.178995 0.445762
-0.852228 0.199458 0.483657
-0.885110 0.212426 0.414072
-0.875660 0.196577 0.441108
-0.892387 0.308903 0.328975
-0.886714 0.341044 0.312133
-0.877308 0.280738 0.389252
-0.834282 0.355014 0.421828
-0.836814 0.338286 0.430471
-0.848306 0.335788 0.409418
-0.819833 0.374272 0.433352
-0.816140 0.451482 0.360665
-0.819611 0.478106 0.315679
-0.805100 0.496764 0.324100
-0.852903 0.451537 0.262050
-0.807301 0.521382 0.276454
-0.823398 0.463161 0.327867
-0.826507 0.512434 0.233019
-0.786232 0.489211 0.377507
-0.773193 0.571490 0.274903
-0.807301 0.521382 0.276454
-0.778799 0.579957 0.239003
-0.783473 0.587605 0.202216
-0.778799 0.579957 0.239003
-0.763394 0.617212 0.190471
-0.753591 0.622532 0.211080
-0.755161 0.645033 0.116898
-0.772712 0.611730 0.169418
-0.746364 0.651084 0.137950
-0.737069 0.656953 0.158560
-0.721598 0.673491 0.160332
-0.695493 0.695493 0.180499
-0.681154 0.727596 0.081440
-0.667620 0.743486 0.038892
-0.677839 0.725130 0.121330
-0.665127 0.742468 0.079668
-0.618907 0.784956 0.028255
-0.623231 0.767054 0.152355
-0.622080 0.777599 0.091413
-0.598781 0.798375 0.063712
-0.592196 0.804779 0.040443
-0.565527 0.816872 0.113573
-0.524401 0.848296 0.073463
-0.506661 0.859788 0.063712
-0.547166 0.835948 0.042438
-0.535966 0.842233 0.058172
-0.530269 0.842191 0.097618
-0.488845 0.870755 0.053075
-0.469581 0.876552 0.105596
-0.425073 0.897376 0.118449
-0.470970 0.881170 0.041551
-0.425073 0.897376 0.118449
-0.461598 0.875444 0.143269
-0.406807 0.907493 0.104709
-0.448136 0.880267 0.155900
-0.374874 0.921564 0.100942
-0.447435 0.861727 0.239224
-0.342699 0.934634 0.094958
-0.456605 0.881720 0.118670
-0.447435 0.861727 0.239224
-0.443215 0.870014 0.215956
-0.443215 0.870014 0.215956
-0.292321 0.953889 0.068144
-0.443215 0.870014 0.215956
-0.254921 0.955955 0.145485
-0.234013 0.967253 0.098283
-0.191024 0.971041 0.143490
-0.186377 0.978481 0.088532
-0.193251 0.966256 0.170305
-0.169028 0.983433 0.065485
-0.188734 0.975125 0.116233
-0.153997 0.985579 0.070139
-0.171245 0.980769 0.093629
-0.125259 0.986417 0.106260
-0.138869 0.987516 0.074349
-0.015756 0.992622 0.120222
-0.061311 0.996304 0.060166
-0.047230 0.991836 0.118449
-0.138869 0.987516 0.074349
-0.046632 0.994822 0.090305
-0.046632 0.994822 0.090305
0.015557 0.995630 0.092078
0.062132 0.994114 0.088753
0.091774 0.994219 0.055734
0.106924 0.992861 0.052853
0.123656 0.989246 0.078116
0.125259 0.986417 0.106260
0.186377 0.978481 0.088532
0.181456 0.982885 0.031801
0.273098 0.947810 0.164543
0.257839 0.950781 0.171856
0.226885 0.956160 0.185152
0.198760 0.978512 0.054848
0.260676 0.944950 0.197784
0.224347 0.961487 0.158781
0.242431 0.953564 0.178726
0.269988 0.952898 0.138172
0.277997 0.957544 0.076343
0.343495 0.915987 0.207313
0.310376 0.946647 0.086759
0.354663 0.918899 0.172742
0.387672 0.904567 0.177396
0.397620 0.906574 0.141496
0.378965 0.924675 0.036898
0.383834 0.921202 0.063712
0.402005 0.912242 0.078781
0.434403 0.884895 0.168089
0.448136 0.880267 0.155900
0.443342 0.886684 0.131302
0.461719 0.857479 0.227036
0.523635 0.840989 0.136177
0.438408 0.892473 0.106260
0.475742 0.853054 0.214404
0.482258 0.871177 0.092078
0.498615 0.831025 0.246537
0.489490 0.848449 0.201330
0.494623 0.865590 0.078116
0.510976 0.846303 0.150582
0.569912 0.797876 0.196454
0.528969 0.833528 0.159446
0.615668 0.784976 0.069030
0.605150 0.768704 0.207091
0.632701 0.732601 0.250970
0.661918 0.711562 0.235679
0.661918 0.711562 0.235679
0.656953 0.737069 0.158560
0.679191 0.711533 0.180055
0.638796 0.763439 0.095402
0.727294 0.662646 0.178726
0.703383 0.703383 0.102493
0.731195 0.667613 0.140166
0.767054 0.623231 0.152355
0.787164 0.594389 0.164543
0.763439 0.638796 0.095402
0.835476 0.535966 0.121330
0.821814 0.525961 0.219058
0.809332 0.571294 0.136399
0.865801 0.432901 0.250970
0.869703 0.418127 0.262271
0.873436 0.403124 0.273130
0.878220 0.414255 0.239003
0.885728 0.384372 0.260277
0.874206 0.428856 0.227701
0.907267 0.319223 0.273795
0.890137 0.395616 0.226150
0.915516 0.271264 0.297064
0.917937 0.254983 0.303934
0.915516 0.271264 0.297064
0.938575 0.217883 0.267590
0.917937 0.254983 0.303934
0.934539 0.186908 0.302825
0.921089 0.284700 0.265596
0.926014 0.188632 0.326981
0.928558 0.236360 0.286205
0.922295 0.222034 0.316343
0.913332 0.224025 0.340055
0.929102 0.154850 0.335845
0.923321 0.104527 0.369529
0.929102 0.154850 0.335845
0.923321 0.104527 0.369529
0.910287 0.157550 0.382825
0.924234 0.205385 0.321884
0.936206 0.170219 0.307479
0.937712 0.153444 0.311690
0.934539 0.186908 0.302825
0.921089 0.284700 0.265596
0.938575 0.217883 0.267590
0.938575 0.217883 0.267590
0.936357 0.234089 0.261607
0.938575 0.217883 0.267590
0.938575 0.217883 0.267590
0.938575 0.217883 0.267590
0.938575 0.217883 0.267590
0.919427 0.328367 0.216399
0.924804 0.350788 0.147258
0.938485 0.263434 0.223269
0.925771 0.297569 0.233241
0.896014 0.416006 0.155235
0.843662 0.502952 0.187812
0.870014 0.443215 0.215956
0.877002 0.387905 0.283546
0.838689 0.516117 0.173850
0.838689 0.516117 0.173850
0.857479 0.461719 0.227036
0.802959 0.557155 0.211745
0.793518 0.562075 0.233241
0.802959 0.557155 0.211745
0.767054 0.623231 0.152355
0.721598 0.673491 0.160332
0.695493 0.695493 0.180499
0.651388 0.732811 0.196676
0.634397 0.748263 0.194017
0.615286 0.748321 0.247867
0.588764 0.795627 0.142604
0.632701 0.732601 0.250970
0.544009 0.782013 0.304155
0.443215 0.870014 0.215956
0.428856 0.874206 0.227701
0.383527 0.910876 0.152355
0.365651 0.897507 0.246537
0.260676 0.944950 0.197784
0.266117 0.931410 0.248310
0.271264 0.915516 0.297064
0.226885 0.956160 0.185152
0.191024 0.971041 0.143490
0.191024 0.971041 0.143490
0.136590 0.939058 0.315457
0.132633 0.961587 0.240332
0.066600 0.965701 0.250970
0.032266 0.984126 0.174515
0.015756 0.992622 0.120222
-0.046632 0.994822 0.090305
-0.032266 0.984126 0.174515
-0.122005 0.991293 0.049529
-0.195416 0.960797 0.196676
-0.193251 0.966256 0.170305
-0.193251 0.966256 0.170305
-0.185135 0.942505 0.278227
-0.197522 0.954690 0.222604
-0.263434 0.938485 0.223269
-0.443215 0.870014 0.215956
-0.266117 0.931410 0.248310
-0.219050 0.970079 0.104709
-0.448136 0.880267 0.155900
-0.448136 0.880267 0.155900
-0.474776 0.870423 0.130194
-0.429805 0.891447 0.143490
-0.461598 0.875444 0.143269
-0.434403 0.884895 0.168089
-0.461719 0.857479 0.227036
-0.492906 0.858610 0.140831
-0.498002 0.851422 0.164543
-0.523244 0.852140 0.008532
-0.540672 0.841045 0.017839
-0.559587 0.823837 0.090305
-0.553689 0.822623 0.129307
-0.466448 0.868559 0.167424
-0.640194 0.752228 0.155900
-0.634397 0.748263 0.194017
-0.656734 0.722407 0.216399
-0.668167 0.717057 0.198449
-0.671581 0.734054 0.100720
-0.662646 0.727294 0.178726
-0.689790 0.705832 0.161219
-0.703383 0.703383 0.102493
-0.746364 0.651084 0.137950
-0.732811 0.651388 0.196676
-0.727587 0.644907 0.233906
-0.767054 0.623231 0.152355
-0.778184 0.599850 0.186039
-0.783473 0.587605 0.202216
-0.793518 0.562075 0.233241
-0.788583 0.575008 0.217950
-0.814916 0.559256 0.152133
-0.777682 0.557902 0.289751
-0.778799 0.579957 0.239003
-0.835372 0.484516 0.259612
-0.830520 0.521110 0.196676
-0.852903 0.451537 0.262050
-0.870014 0.443215 0.215956
-0.880267 0.448136 0.155900
-0.884895 0.434403 0.168089
-0.904567 0.387672 0.177396
-0.886187 0.410272 0.215291
-0.893583 0.406174 0.191136
-0.914983 0.369204 0.162770
-0.935726 0.306531 0.174515
-0.941294 0.303129 0.148587
-0.901550 0.306187 0.305706
-0.919427 0.328367 0.216399
-0.912094 0.331670 0.240997
-0.938485 0.263434 0.223269
-0.911291 0.240718 0.334072
-0.952898 0.269988 0.138172
-0.938692 0.328542 0.104488
-0.956160 0.226885 0.185152
-0.950180 0.229354 0.211080
-0.950781 0.257839 0.171856
-0.953564 0.242431 0.178726
-0.950781 0.257839 0.171856
-0.920196 0.238569 0.310360
-0.944950 0.260676 0.197784
-0.950781 0.257839 0.171856
-0.938987 0.291410 0.182715
-0.938987 0.291410 0.182715
-0.929516 0.309839 0.200000
-0.915516 0.271264 0.297064
-0.923746 0.268726 0.272909
-0.944950 0.260676 0.197784
-0.925771 0.297569 0.233241
-0.919427 0.328367 0.216399
-0.912365 0.358429 0.197784
-0.908749 0.346977 0.231911
-0.893910 0.380739 0.236565
-0.839550 0.470148 0.272244
-0.856863 0.436832 0.273795
-0.860656 0.421890 0.285097
-0.816140 0.451482 0.360665
-0.856863 0.436832 0.273795
-0.823398 0.463161 0.327867
-0.811564 0.507228 0.289972
-0.802874 0.535249 0.262493
-0.766701 0.562247 0.309917
-0.788214 0.553427 0.269141
-0.773193 0.571490 0.274903
-0.721447 0.637558 0.270249
-0.706598 0.620428 0.340277
-0.730701 0.611750 0.303047
-0.693965 0.624569 0.358227
-0.723114 0.602595 0.337618
-0.666944 0.700291 0.254515
-0.654792 0.705161 0.272022
-0.642267 0.709875 0.289086
-0.584760 0.768542 0.259612
-0.578376 0.718589 0.386150
-0.580362 0.751057 0.314792
-0.574526 0.731215 0.367756
-0.537779 0.763299 0.358006
-0.529822 0.786187 0.318116
-0.519241 0.778861 0.351801
-0.477172 0.777614 0.409418
-0.454888 0.804802 0.381274
-0.423252 0.811233 0.403435
-0.397922 0.847746 0.350693
-0.423252 0.811233 0.403435
-0.407119 0.814237 0.413850
-0.352375 0.845701 0.400776
-0.423252 0.811233 0.403435
-0.429104 0.841043 0.329418
-0.413618 0.844471 0.340277
-0.429104 0.841043 0.329418
-0.407119 0.814237 0.413850
-0.191943 0.907365 0.373961
-0.376895 0.807633 0.453518
-0.212426 0.885110 0.414072
-0.157550 0.910287 0.382825
-0.122852 0.912618 0.389917
-0.121820 0.922350 0.366648
-0.123857 0.902387 0.412742
-0.069192 0.934097 0.350249
0.017899 0.894973 0.445762
0.052819 0.915524 0.398781
0.000000 0.926007 0.377507
0.000000 0.916176 0.400776
0.000000 0.916176 0.400776
0.090010 0.882100 0.462382
0.126709 0.868864 0.478560
0.053248 0.905214 0.421607
0.052819 0.915524 0.398781
0.107108 0.892569 0.438006
0.087183 0.924143 0.371967
0.141384 0.901325 0.409418
0.215664 0.862657 0.457507
0.215664 0.862657 0.457507
0.176230 0.898771 0.401440
0.177631 0.888156 0.423823
0.271264 0.915516 0.297064
0.297498 0.874996 0.381939
0.289209 0.831475 0.474349
0.287180 0.843592 0.453740
0.291180 0.818944 0.494515
0.304361 0.841468 0.446427
0.310661 0.804063 0.506925
0.338286 0.836814 0.430471
0.393546 0.804981 0.443989
0.390789 0.817104 0.423823
0.458197 0.793033 0.401440
0.477172 0.777614 0.409418
0.448411 0.771268 0.451745
0.508658 0.708487 0.489197
0.456854 0.730966 0.506925
0.473343 0.728220 0.495623
0.519739 0.649674 0.554792
0.508658 0.708487 0.489197
0.508658 0.708487 0.489197
0.517103 0.664847 0.539058
0.519739 0.649674 0.554792
0.519739 0.649674 0.554792
0.546448 0.673953 0.497175
0.533368 0.662113 0.526427
0.586705 0.623374 0.516898
0.554995 0.628995 0.544377
0.597575 0.560227 0.573629
0.618458 0.524753 0.584931
0.669996 0.483886 0.562992
0.669996 0.483886 0.562992
0.625295 0.473709 0.620166
0.669996 0.483886 0.562992
0.733595 0.440157 0.517784
0.679054 0.414978 0.605540
-0.145784 0.249916 0.957230
0.692210 0.430293 0.579391
0.682979 0.379433 0.624155
0.681066 0.397289 0.615069
0.681066 0.397289 0.615069
0.689656 0.306514 0.656066
0.689656 0.306514 0.656066
0.652866 0.364837 0.663823
0.682979 0.379433 0.624155
0.684794 0.361419 0.632798
0.652866 0.364837 0.663823
0.652866 0.364837 0.663823
0.652866 0.364837 0.663823
0.689656 0.306514 0.656066
0.703769 0.323353 0.632576
0.682979 0.379433 0.624155
0.676942 0.432491 0.595568
0.676942 0.432491 0.595568
0.636485 0.366461 0.678670
0.663419 0.417006 0.621274
0.652866 0.364837 0.663823
0.633115 0.402891 0.660942
0.606927 0.493128 0.623269
0.611056 0.458292 0.645429
0.614830 0.422696 0.665817
0.647496 0.418968 0.636565
0.600053 0.543798 0.586704
0.524753 0.618458 0.584931
0.652216 0.503138 0.566981
0.541324 0.615989 0.572299
0.522289 0.634208 0.570083
0.565097 0.565097 0.601108
0.535825 0.535825 0.652521
0.519739 0.649674 0.554792
0.531641 0.569615 0.626814
0.478782 0.699759 0.530194
0.452046 0.659234 0.600886
0.486315 0.654655 0.578726
0.447518 0.689924 0.568975
0.452046 0.659234 0.600886
0.371480 0.742961 0.556787
0.437546 0.747475 0.499834
0.312642 0.790799 0.526205
0.384321 0.768642 0.511357
0.371480 0.742961 0.556787
0.294955 0.792692 0.533518
0.291180 0.818944 0.494515
0.294955 0.792692 0.533518
0.291180 0.818944 0.494515
0.218725 0.838445 0.499169
0.252429 0.847441 0.467036
0.198038 0.864164 0.462604
0.141384 0.901325 0.409418
0.090010 0.882100 0.462382
0.035512 0.905567 0.422715
0.018294 0.859832 0.510249
0.071515 0.893943 0.442438
0.000000 0.895041 0.445983
0.000000 0.859895 0.510471
-0.054467 0.871465 0.487424
-0.090010 0.882100 0.462382
-0.214068 0.874111 0.436011
-0.176230 0.898771 0.401440
-0.210738 0.895639 0.391690
-0.349753 0.773137 0.529086
-0.384321 0.768642 0.511357
-0.396225 0.792450 0.463712
-0.396225 0.792450 0.463712
-0.423252 0.811233 0.403435
-0.396225 0.792450 0.463712
-0.413618 0.844471 0.340277
-0.401075 0.837027 0.372188
-0.397922 0.847746 0.350693
-0.423252 0.811233 0.403435
-0.413618 0.844471 0.340277
-0.473822 0.789703 0.389695
-0.515353 0.790209 0.331634
-0.515353 0.790209 0.331634
-0.496764 0.805100 0.324100
-0.499376 0.749064 0.435346
-0.552326 0.712678 0.432465
-0.523015 0.767089 0.371524
-0.567357 0.709197 0.418504
-0.548199 0.770905 0.324321
-0.584602 0.739349 0.334072
-0.624569 0.693965 0.358227
-0.624569 0.693965 0.358227
-0.606724 0.710734 0.356011
-0.636230 0.653903 0.409418
-0.672796 0.655545 0.342936
-0.693965 0.624569 0.358227
-0.697973 0.610726 0.373961
-0.636230 0.653903 0.409418
-0.697973 0.610726 0.373961
-0.693965 0.624569 0.358227
-0.714730 0.592703 0.371302
-0.735055 0.560042 0.382161
-0.705587 0.582109 0.404100
-0.747411 0.556213 0.363324
-0.751228 0.541583 0.377285
-0.765121 0.480425 0.428698
-0.770737 0.507985 0.384598
-0.768259 0.464529 0.440443
-0.759366 0.552266 0.344044
-0.728220 0.473343 0.495623
-0.767089 0.523015 0.371524
-0.780847 0.461410 0.421163
-0.783946 0.445424 0.432465
-0.792450 0.396225 0.463712
-0.804981 0.393546 0.443989
-0.797473 0.362488 0.482327
-0.779523 0.398826 0.482992
-0.758203 0.451311 0.470582
-0.786655 0.347592 0.510249
-0.788787 0.330190 0.518449
-0.736108 0.423262 0.528199
-0.779523 0.398826 0.482992
-0.799795 0.345366 0.490970
-0.788787 0.330190 0.518449
-0.804063 0.310661 0.506925
-0.780719 0.278828 0.559224
-0.809542 0.257582 0.527535
-0.804063 0.310661 0.506925
-0.752158 0.282059 0.595568
-0.783820 0.242611 0.571634
-0.752158 0.282059 0.595568
-0.794465 0.277139 0.540388
-0.742615 0.209456 0.636122
-0.792692 0.294955 0.533518
-0.753671 0.263785 0.601994
-0.742615 0.209456 0.636122
-0.700321 0.359624 0.616620
-0.750537 0.300215 0.588698
-0.750537 0.300215 0.588698
-0.778998 0.296761 0.552355
-0.742615 0.209456 0.636122
-0.746969 0.336136 0.573629
-0.777161 0.314565 0.545042
-0.777161 0.314565 0.545042
-0.757132 0.369333 0.538837
-0.728449 0.373563 0.574294
-0.740790 0.388915 0.547701
-0.742961 0.371480 0.556787
-0.732335 0.338001 0.591136
-0.726343 0.391108 0.565208
-0.681066 0.397289 0.615069
-0.654655 0.486315 0.578726
-0.676942 0.432491 0.595568
-0.667474 0.500605 0.551247
-0.649378 0.401086 0.646094
-0.681066 0.397289 0.615069
-0.656995 0.469282 0.590028
-0.667474 0.500605 0.551247
-0.664847 0.517103 0.539058
-0.643450 0.454200 0.616177
-0.613422 0.557657 0.559224
-0.606927 0.493128 0.623269
-0.554887 0.516619 0.652078
-0.588362 0.512444 0.625485
-0.569615 0.531641 0.626814
-0.602436 0.527132 0.599335
-0.531641 0.569615 0.626814
-0.445947 0.562281 0.696399
-0.444225 0.579424 0.683324
-0.444225 0.579424 0.683324
-0.442438 0.596329 0.669806
-0.436675 0.645520 0.626593
-0.418968 0.647496 0.636565
-0.393234 0.711566 0.582271
-0.454200 0.643450 0.616177
-0.440584 0.612987 0.655845
-0.379433 0.682979 0.624155
-0.381266 0.667216 0.639889
-0.381266 0.667216 0.639889
-0.371480 0.742961 0.556787
-0.320000 0.734117 0.598892
-0.371480 0.742961 0.556787
-0.303464 0.720726 0.623269
-0.305013 0.705343 0.639889
-0.371480 0.742961 0.556787
-0.324951 0.688132 0.648753
-0.371480 0.742961 0.556787
-0.305013 0.705343 0.639889
-0.369333 0.757132 0.538837
-0.369333 0.757132 0.538837
-0.309372 0.657415 0.687091
-0.309372 0.657415 0.687091
-0.289311 0.675060 0.678670
-0.290626 0.658752 0.693961
0.000000 0.763820 0.645429
0.000000 0.748676 0.662936
0.019196 0.748626 0.662715
0.037756 0.792886 0.608199
0.075007 0.806321 0.586704
0.075007 0.806321 0.586704
0.095824 0.747428 0.657396
0.095824 0.747428 0.657396
0.115495 0.731469 0.672022
0.193560 0.696818 0.690637
0.242611 0.783820 0.571634
0.229331 0.726215 0.648089
0.231602 0.694805 0.680886
0.248024 0.724993 0.642548
0.307967 0.673677 0.671801
0.301864 0.735794 0.606205
0.265222 0.738834 0.619501
0.250488 0.693659 0.675346
0.301864 0.735794 0.606205
0.307967 0.673677 0.671801
0.307967 0.673677 0.671801
0.309372 0.657415 0.687091
0.364837 0.652866 0.663823
0.366461 0.636485 0.678670
0.427810 0.563931 0.706371
0.389549 0.584323 0.711911
0.399219 0.665365 0.630803
0.386410 0.618256 0.684432
0.392463 0.549448 0.737618
0.392463 0.549448 0.737618
0.429390 0.546497 0.719003
0.426168 0.581138 0.693296
0.389549 0.584323 0.711911
0.388008 0.601412 0.698393
0.407939 0.582771 0.702825
0.386410 0.618256 0.684432
0.427810 0.563931 0.706371
0.384754 0.634844 0.670028
0.386410 0.618256 0.684432
0.386410 0.618256 0.684432
0.384754 0.634844 0.670028
0.445947 0.562281 0.696399
0.495528 0.396422 0.772853
0.510982 0.432369 0.742936
0.496734 0.377518 0.781496
0.497876 0.358471 0.789695
0.496734 0.377518 0.781496
0.495528 0.396422 0.772853
0.495528 0.396422 0.772853
0.549448 0.392463 0.737618
0.497876 0.358471 0.789695
0.516153 0.357337 0.778393
0.496734 0.377518 0.781496
0.498953 0.339288 0.797452
0.532991 0.375068 0.758449
0.497876 0.358471 0.789695
0.590905 0.295452 0.750693
0.572219 0.315707 0.756898
0.534232 0.356155 0.766648
0.516153 0.357337 0.778393
0.550813 0.373766 0.746260
0.552104 0.354924 0.754460
0.496734 0.377518 0.781496
0.550813 0.373766 0.746260
0.496734 0.377518 0.781496
0.554470 0.316840 0.769529
0.496734 0.377518 0.781496
0.531680 0.393837 0.749806
0.494256 0.415175 0.763767
0.498953 0.339288 0.797452
0.516153 0.357337 0.778393
0.495528 0.396422 0.772853
0.496734 0.377518 0.781496
0.513703 0.395156 0.761551
0.494256 0.415175 0.763767
0.366461 0.636485 0.678670
0.404635 0.616586 0.675346
0.375068 0.532991 0.758449
0.412454 0.530298 0.740720
0.396422 0.495528 0.772853
0.315707 0.572219 0.756898
0.315707 0.572219 0.756898
0.337106 0.535404 0.774404
0.314530 0.589744 0.743823
0.329441 0.639503 0.694626
0.307967 0.673677 0.671801
0.392463 0.549448 0.737618
0.250488 0.693659 0.675346
0.371004 0.585797 0.720554
0.236661 0.611374 0.755125
0.155930 0.682196 0.714349
0.158569 0.614454 0.772853
0.136571 0.682857 0.717673
0.214571 0.663218 0.717008
0.211601 0.711748 0.669806
0.058137 0.717018 0.694626
0.077849 0.700643 0.709252
0.019657 0.668334 0.743601
0.000000 0.634315 0.773075
-0.039473 0.651310 0.757784
-0.239291 0.558345 0.794349
-0.217254 0.612261 0.760222
-0.200624 0.541686 0.816288
-0.253894 0.644501 0.721219
-0.200624 0.541686 0.816288
-0.200624 0.541686 0.816288
-0.200624 0.541686 0.816288
-0.200624 0.541686 0.816288
-0.233729 0.662233 0.711911
-0.235718 0.628581 0.741163
-0.235718 0.628581 0.741163
-0.234741 0.645537 0.726759
-0.212623 0.695858 0.685983
-0.271765 0.660001 0.700388
-0.313309 0.607036 0.730305
-0.366461 0.636485 0.678670
-0.364837 0.652866 0.663823
-0.386410 0.618256 0.684432
-0.386410 0.618256 0.684432
-0.389549 0.584323 0.711911
-0.401086 0.649378 0.646094
-0.454200 0.643450 0.616177
-0.361419 0.684794 0.632798
-0.460232 0.594467 0.659391
-0.514571 0.571745 0.639003
-0.250488 0.693659 0.675346
-0.567400 0.548486 0.614183
-0.586152 0.529428 0.613296
-0.597575 0.560227 0.573629
-0.636665 0.505587 0.582271
-0.636665 0.505587 0.582271
-0.625295 0.473709 0.620166
-0.639023 0.488665 0.594017
-0.674729 0.449819 0.585152
-0.669996 0.483886 0.562992
-0.672414 0.466954 0.574294
-0.654655 0.486315 0.578726
-0.652216 0.503138 0.566981
-0.674729 0.449819 0.585152
-0.636665 0.505587 0.582271
-0.682979 0.379433 0.624155
-0.679054 0.414978 0.605540
-0.627387 0.456282 0.631025
-0.602940 0.369544 0.707036
-0.670634 0.344897 0.656731
-0.661375 0.434618 0.611302
-0.681066 0.397289 0.615069
-0.689656 0.306514 0.656066
-0.676351 0.270540 0.685097
-0.676351 0.270540 0.685097
-0.689656 0.306514 0.656066
-0.677550 0.251662 0.691080
-0.673677 0.307967 0.671801
-0.673677 0.307967 0.671801
-0.677550 0.251662 0.691080
-0.689656 0.306514 0.656066
-0.677550 0.251662 0.691080
-0.694805 0.231602 0.680886
-0.664116 0.195328 0.721662
-0.694805 0.231602 0.680886
-0.680607 0.194459 0.706371
-0.680607 0.194459 0.706371
-0.683913 0.097702 0.722992
-0.698460 0.155213 0.698615
-0.683913 0.097702 0.722992
-0.681446 0.175229 0.710582
-0.648141 0.176766 0.740720
-0.682196 0.155930 0.714349
-0.615030 0.138878 0.776177
-0.700961 0.058413 0.710803
-0.701188 0.038955 0.711911
-0.684836 0.039134 0.727645
-0.634156 0.039635 0.772188
-0.683429 0.117159 0.720554
-0.668334 0.019657 0.743601
-0.668207 0.039306 0.742936
-0.668207 0.039306 0.742936
-0.683429 0.117159 0.720554
-0.685012 0.000000 0.728532
-0.699734 0.116622 0.704820
-0.102755 0.411019 0.905817
-0.634156 0.039635 0.772188
-0.667697 0.078553 0.740277
-0.699734 0.116622 0.704820
-0.666846 0.117679 0.735845
-0.700643 0.077849 0.709252
-0.615030 0.138878 0.776177
-0.681446 0.175229 0.710582
-0.682196 0.155930 0.714349
-0.698460 0.155213 0.698615
-0.682857 0.136571 0.717673
-0.683429 0.117159 0.720554
-0.696818 0.193560 0.690637
-0.695858 0.212623 0.685983
-0.698460 0.155213 0.698615
-0.680607 0.194459 0.706371
-0.726215 0.229331 0.648089
-0.689656 0.306514 0.656066
-0.692419 0.269274 0.669363
-0.677550 0.251662 0.691080
-0.689656 0.306514 0.656066
-0.715542 0.357771 0.600000
-0.713607 0.375582 0.591357
-0.689656 0.306514 0.656066
-0.688132 0.324951 0.648753
-0.689656 0.306514 0.656066
-0.689656 0.306514 0.656066
-0.668972 0.363156 0.648532
-0.665365 0.399219 0.630803
-0.659234 0.452046 0.600886
-0.668972 0.363156 0.648532
-0.679054 0.414978 0.605540
-0.659234 0.452046 0.600886
-0.659234 0.452046 0.600886
-0.643450 0.454200 0.616177
-0.681066 0.397289 0.615069
-0.659234 0.452046 0.600886
-0.636665 0.505587 0.582271
-0.636665 0.505587 0.582271
-0.611056 0.458292 0.645429
-0.606927 0.493128 0.623269
-0.590484 0.495244 0.637230
-0.516619 0.554887 0.652078
-0.537797 0.518590 0.664709
-0.537797 0.518590 0.664709
-0.493128 0.606927 0.623269
-0.438664 0.629387 0.641440
-0.456282 0.627387 0.631025
-0.463905 0.560552 0.685983
-0.458292 0.611056 0.645429
-0.436675 0.645520 0.626593
-0.388008 0.601412 0.698393
-0.418968 0.647496 0.636565
-0.381266 0.667216 0.639889
-0.388008 0.601412 0.698393
-0.341560 0.702095 0.624820
-0.314530 0.589744 0.743823
-0.314530 0.589744 0.743823
-0.239291 0.558345 0.794349
-0.233729 0.662233 0.711911
-0.197765 0.613070 0.764875
-0.180165 0.560513 0.808310
-0.198520 0.595561 0.778393
-0.237571 0.593926 0.768643
-0.200624 0.541686 0.816288
-0.181353 0.523910 0.832244
-0.059191 0.651105 0.756676
-0.237571 0.593926 0.768643
0.000000 0.616907 0.787036
0.080113 0.580816 0.810083
0.019821 0.634275 0.772853
-0.162794 0.468032 0.868587
0.120441 0.562057 0.818283
-0.122932 0.430263 0.894294
-0.143312 0.429936 0.891413
-0.142951 0.449273 0.881884
0.181353 0.523910 0.832244
-0.143312 0.429936 0.891413
0.236661 0.611374 0.755125
0.260557 0.521114 0.812742
0.262145 0.483960 0.834903
-0.102988 0.391353 0.914460
-0.102988 0.391353 0.914460
0.276261 0.591988 0.757119
0.239291 0.558345 0.794349
0.257916 0.575351 0.776177
0.295452 0.590905 0.750693
0.316840 0.554470 0.769529
0.419947 0.419947 0.804543
0.478316 0.378667 0.792355
0.479408 0.359556 0.800554
0.459716 0.379765 0.802770
0.442879 0.342225 0.828698
0.480440 0.340312 0.808310
0.442879 0.342225 0.828698
0.482320 0.301450 0.822493
0.483170 0.281849 0.828920
0.485360 0.222457 0.845540
0.484690 0.242345 0.840443
0.483170 0.281849 0.828920
0.500918 0.300551 0.811634
0.483960 0.262145 0.834903
0.485360 0.222457 0.845540
0.522641 0.221117 0.823380
0.506281 0.141759 0.850637
0.559860 0.199950 0.804100
0.505311 0.181912 0.843546
0.525333 0.121231 0.842216
0.580496 0.100086 0.808089
0.524922 0.141325 0.839335
0.544685 0.060521 0.836454
0.542874 0.160852 0.824266
0.525333 0.121231 0.842216
0.524922 0.141325 0.839335
0.561611 0.140403 0.815402
0.562057 0.120441 0.818283
0.580816 0.080113 0.810083
0.563288 0.000000 0.826260
0.562433 0.100435 0.820720
0.598670 0.079823 0.797008
0.599261 0.000000 0.800554
0.581065 0.060110 0.811634
0.562981 0.060319 0.824266
0.562433 0.100435 0.820720
0.580496 0.100086 0.808089
0.599261 0.000000 0.800554
0.562981 0.060319 0.824266
0.598929 0.059893 0.798560
0.581385 0.000000 0.813629
0.599261 0.000000 0.800554
0.562741 0.080392 0.822715
0.579642 0.139913 0.802770
0.581065 0.060110 0.811634
0.544159 0.100770 0.832909
0.524922 0.141325 0.839335
0.526344 0.040488 0.849307
0.525333 0.121231 0.842216
0.486525 0.182447 0.854404
0.486525 0.182447 0.854404
0.505827 0.161865 0.847313
0.505311 0.181912 0.843546
0.486525 0.182447 0.854404
0.429129 0.183913 0.884321
0.468032 0.162794 0.868587
0.429558 0.163641 0.888089
0.447364 0.223682 0.865928
0.407563 0.264916 0.873906
0.349204 0.246497 0.904044
0.329732 0.226690 0.916454
0.347554 0.306665 0.886094
0.288265 0.288265 0.913130
0.327148 0.327148 0.886537
0.325839 0.366568 0.871468
0.245994 0.368991 0.896288
-0.041568 0.311757 0.949252
0.041759 0.250552 0.967202
-0.020822 0.291502 0.956343
0.000000 0.250608 0.968089
-0.041416 0.352037 0.935069
-0.020751 0.332011 0.943047
-0.082609 0.371741 0.924654
-0.082433 0.391556 0.916454
-0.041494 0.331955 0.942382
-0.102988 0.391353 0.914460
-0.082247 0.411234 0.907812
-0.082247 0.411234 0.907812
-0.123227 0.410756 0.903380
-0.161369 0.524448 0.836011
-0.161865 0.505827 0.847313
-0.162794 0.468032 0.868587
-0.201893 0.504733 0.839335
-0.223682 0.447364 0.865928
-0.223682 0.447364 0.865928
-0.244899 0.408166 0.879446
-0.243683 0.446753 0.860831
-0.120844 0.543797 0.830471
-0.224253 0.428119 0.875457
-0.302310 0.463543 0.832909
-0.302310 0.463543 0.832909
-0.242345 0.484690 0.840443
-0.300551 0.500918 0.811634
-0.300551 0.500918 0.811634
-0.325124 0.386085 0.863269
-0.325839 0.366568 0.871468
-0.323574 0.424690 0.845540
-0.401958 0.401958 0.822715
-0.365090 0.365090 0.856399
-0.384520 0.364283 0.848199
-0.422953 0.362531 0.830471
-0.402910 0.382764 0.831357
-0.401958 0.401958 0.822715
-0.443764 0.322737 0.836011
-0.462673 0.321860 0.826039
-0.443764 0.322737 0.836011
-0.405461 0.324369 0.854626
-0.480440 0.340312 0.808310
-0.463543 0.302310 0.832909
-0.460760 0.360595 0.810970
-0.404661 0.343962 0.847313
-0.442879 0.342225 0.828698
-0.445368 0.283416 0.849307
-0.479408 0.359556 0.800554
-0.482320 0.301450 0.822493
-0.484690 0.242345 0.840443
-0.464355 0.282651 0.839335
-0.535404 0.337106 0.774404
-0.540991 0.220404 0.811634
-0.538504 0.279224 0.795014
-0.518335 0.318976 0.793463
-0.501806 0.281011 0.818061
-0.444593 0.303132 0.842881
-0.481410 0.320940 0.815623
-0.161865 0.505827 0.847313
-0.482320 0.301450 0.822493
-0.523307 0.201272 0.828033
-0.504733 0.201893 0.839335
-0.519327 0.299612 0.800332
-0.523307 0.201272 0.828033
-0.502631 0.261368 0.824044
-0.524448 0.161369 0.836011
-0.483170 0.281849 0.828920
-0.483960 0.262145 0.834903
-0.466448 0.223084 0.855956
-0.466448 0.223084 0.855956
-0.410086 0.164034 0.897175
-0.410086 0.164034 0.897175
-0.410086 0.164034 0.897175
-0.390468 0.164408 0.905817
-0.447364 0.223682 0.865928
-0.389172 0.225310 0.893186
-0.465807 0.243030 0.850859
-0.465807 0.243030 0.850859
-0.484690 0.242345 0.840443
-0.447922 0.203601 0.870582
-0.467560 0.182958 0.864820
-0.464355 0.282651 0.839335
-0.409223 0.204611 0.889197
-0.407563 0.264916 0.873906
-0.408719 0.224795 0.884543
-0.406912 0.284839 0.867922
-0.269575 0.207365 0.940388
-0.386796 0.305365 0.870139
-0.387460 0.285497 0.876565
-0.328815 0.267162 0.905817
-0.327148 0.327148 0.886537
-0.327148 0.327148 0.886537
-0.226690 0.329732 0.916454
-0.227828 0.269251 0.935734
-0.205939 0.350097 0.913795
-0.227096 0.309677 0.923324
-0.248212 0.268896 0.930637
-0.248568 0.248568 0.936177
-0.227096 0.309677 0.923324
-0.226258 0.349671 0.909141
-0.207661 0.249193 0.945928
-0.207933 0.228726 0.951025
-0.165703 0.310692 0.935956
-0.207365 0.269575 0.940388
-0.185902 0.330493 0.925319
-0.166469 0.249703 0.953906
-0.145784 0.249916 0.957230
-0.125050 0.250100 0.960111
-0.062436 0.291370 0.954571
-0.062532 0.270972 0.960554
-0.020712 0.352098 0.935734
-0.062436 0.291370 0.954571
-0.062436 0.291370 0.954571
-0.041759 0.250552 0.967202
0.020910 0.230008 0.972964
0.000000 0.250608 0.968089
0.020883 0.250594 0.967867
0.082609 0.371741 0.924654
0.020853 0.271094 0.962327
0.062701 0.229905 0.971191
0.000000 0.250608 0.968089
0.020883 0.250594 0.967867
0.020883 0.250594 0.967867
0.165977 0.290460 0.942382
0.020910 0.230008 0.972964
0.020910 0.230008 0.972964
0.020910 0.230008 0.972964
0.041862 0.209310 0.976953
0.062701 0.229905 0.971191
0.020910 0.230008 0.972964
0.020910 0.230008 0.972964
0.207045 0.289863 0.934404
0.187097 0.249463 0.950139
0.000000 0.250608 0.968089
0.020910 0.230008 0.972964
0.041862 0.209310 0.976953
0.020910 0.230008 0.972964
0.165703 0.310692 0.935956
0.041862 0.209310 0.976953
0.041907 0.188579 0.981163
0.062902 0.167739 0.983823
0.041907 0.188579 0.981163
0.062955 0.146894 0.987147
0.041907 0.188579 0.981163
0.145974 0.229388 0.962327
0.041907 0.188579 0.981163
0.083757 0.188453 0.978504
0.083907 0.146837 0.985596
0.020934 0.209345 0.977618
0.062775 0.209251 0.975845
0.041862 0.209310 0.976953
0.083907 0.146837 0.985596
0.020934 0.209345 0.977618
0.104907 0.125888 0.986482
0.083757 0.188453 0.978504
0.041981 0.146935 0.988255
0.083836 0.167673 0.982271
0.083836 0.167673 0.982271
0.104831 0.146763 0.983601
0.000000 0.188621 0.982050
-0.041981 0.146935 0.988255
0.020994 0.146960 0.988920
0.020994 0.146960 0.988920
-0.083836 0.167673 0.982271
0.020994 0.146960 0.988920
0.000000 0.209357 0.977839
-0.020994 0.146960 0.988920
0.062620 0.250481 0.966094
-0.104743 0.167589 0.980277
-0.062775 0.209251 0.975845
-0.083968 0.125951 0.988476
-0.084094 0.063070 0.994460
-0.083968 0.125951 0.988476
-0.062775 0.209251 0.975845
-0.146303 0.188104 0.971191
-0.146303 0.188104 0.971191
-0.146303 0.188104 0.971191
-0.083757 0.188453 0.978504
-0.084094 0.063070 0.994460
-0.062775 0.209251 0.975845
-0.083907 0.146837 0.985596
-0.083907 0.146837 0.985596
-0.084061 0.084061 0.992909
-0.146303 0.188104 0.971191
-0.083907 0.146837 0.985596
-0.146303 0.188104 0.971191
-0.146303 0.188104 0.971191
-0.063039 0.105065 0.992465
-0.083836 0.167673 0.982271
-0.146673 0.125720 0.981163
-0.146673 0.125720 0.981163
-0.063039 0.105065 0.992465
-0.125614 0.167485 0.977839
-0.104643 0.188358 0.976510
-0.083668 0.209169 0.974294
-0.083907 0.146837 0.985596
0.000000 0.146968 0.989141
-0.084019 0.105024 0.990914
-0.083569 0.229815 0.969640
-0.084094 0.063070 0.994460
-0.104743 0.167589 0.980277
-0.146566 0.146566 0.978283
-0.146303 0.188104 0.971191
-0.062620 0.250481 0.966094
-0.125494 0.188242 0.974072
-0.084117 0.042059 0.995568
-0.083668 0.209169 0.974294
-0.021009 0.126057 0.991801
-0.083668 0.209169 0.974294
-0.083668 0.209169 0.974294
-0.042059 0.084117 0.995568
0.041862 0.209310 0.976953
0.000000 0.084136 0.996454
0.000000 0.000000 1.000000
0.000000 -0.021051 0.999778
0.000000 0.188621 0.982050
0.000000 -0.021051 0.999778
-0.063000 0.126000 0.990028
-0.063039 0.105065 0.992465
-0.063039 0.105065 0.992465
0.000000 -0.021051 0.999778
0.000000 0.209357 0.977839
-0.063039 0.105065 0.992465
-0.063112 0.042075 0.997119
0.000000 0.000000 1.000000
0.000000 0.000000 1.000000
-0.041907 0.188579 0.981163
0.021033 0.084131 0.996233
-0.083907 0.146837 0.985596
0.000000 0.209357 0.977839
0.020934 0.209345 0.977618
0.000000 0.209357 0.977839
-0.104743 0.167589 0.980277
